-0.3048
0.7472
0.6936
0.1849
-2.0266
0.0511
0.0204
-0.9027
0.8267
-2.3835
-0.1756
0.7406
0.5217
1.3153
0.2561
-1.7158
0.2707
-0.5699
-0.0342
-0.1344
-2.2129
0.3174
1.3925
0.7345
-1.1171
1.0557
1.1187
-0.3978
0.2599
0.0066
-0.5633
-0.0608
0.7355
0.7037
-0.7845
-0.0555
-1.2594
0.3442
-0.9874
0.6724
0.9121
1.2252
-1.0550
-0.1437
0.0525
1.5124
-0.6707
0.8498
-0.5964
-1.2345
-0.3073
-0.4423
2.2478
-1.8281
1.3469
1.0115
0.7208
0.1267
-0.5285
2.6462
0.2609
0.7584
0.6667
-1.4959
-0.6334
-0.8916
0.6474
0.9267
0.1290
-0.8804
1.2119
1.2837
0.5380
0.7904
-0.2878
0.1759
-2.3226
1.9800
-0.2298
0.7255
0.3328
-0.7474
-1.0541
-0.5843
-0.8955
0.2050
0.2383
0.9792
-2.1010
0.9924
-1.3815
-1.8404
1.7319
0.4256
1.3443
0.2584
-0.1991
1.2533
0.4287
-0.0449
-0.1737
-2.0871
1.1449
0.2530
0.3403
-1.7909
-3.0456
0.0939
-0.7288
-0.8075
-1.3643
0.3811
-0.6881
-1.6682
-0.4078
1.9663
0.5555
-0.4386
0.1956
-1.7656
0.2489
-0.4925
-0.5245
-1.9078
-0.3397
0.1308
-0.0769
-0.4546
-0.9108
-0.5312
2.4836
-0.6170
0.4999
0.4360
0.0977
-0.1434
-0.0942
-1.2225
1.0344
-1.9252
-0.1256
1.8964
-1.2612
-1.0063
-0.9390
-0.4625
-0.2010
-0.5182
-0.4734
1.1575
