 0.30877
 0.70249
 0.08734
 0.15366
 0.57465
 0.35150
 0.06278
 0.00076
 0.21856
 0.02505
 0.63172
 0.07019
 0.00049
 0.02718
 0.48769
 0.34907
 0.39832
 0.04134
 0.69255
 0.78600
 0.00773
 0.49354
 0.04151
 0.25012
 0.15193
 0.26564
 0.25107
 0.04922
 0.42666
 0.41982
 0.16138
 0.12753
 0.23407
 0.60071
 0.06877
 0.85146
 0.15875
 0.20665
 0.17464
 0.06653
 0.50831
 0.04693
 0.79816
 0.85779
 0.30645
 0.33973
 0.09986
 0.90566
 0.39408
 0.27236
 0.39885
 0.47725
 0.19008
 0.53699
 0.74463
 0.40493
 0.30187
 0.63199
 0.71980
 0.41920
 0.02843
 0.26536
 0.00651
 0.56234
 0.00067
 0.29610
 0.90720
 0.68059
 0.27913
 0.54730
 0.12367
 0.22827
 0.03061
 0.07346
 0.04515
 0.07612
 0.58991
 0.32051
 0.37290
 0.29108
 0.69355
 0.07204
 0.21567
 0.80578
 0.19679
 0.12214
 0.85583
 0.04898
 0.25085
 0.24259
 0.12933
 0.26311
 0.09831
 0.26614
 0.18622
 0.51352
 0.49489
 0.38928
 0.15232
 0.00589
 0.09566
 0.23305
 0.02051
 0.69076
 0.80741
 0.40586
 0.03555
 0.02069
 0.27261
 0.62820
 0.21291
 0.73713
 0.01277
 0.37171
 0.81017
 0.65419
 0.22076
 0.26602
 0.88500
 0.72024
 0.02451
 0.02867
 0.34236
 0.01920
 0.04774
 0.34254
 0.52379
 0.17863
 0.36498
 0.30235
 0.38710
 0.10884
 0.29994
 0.70903
 0.64513
 0.36260
 0.45835
 0.21814
 0.22970
 0.17733
 0.13243
 0.23151
 0.14943
 0.48748
 0.38098
 0.28109
 0.50501
 0.23979
 0.24696
 0.68171
 0.30101
 0.31035
 0.59812
 0.85199
 0.54407
 0.46822
 0.45303
 0.40045
 0.52966
 0.03801
 0.23327
 0.00774
 0.82526
 0.81319
 0.10605
 0.13436
 0.35353
 0.62159
 0.01811
 0.30749
 0.77620
 0.04634
 0.07230
 0.30594
 0.27808
 0.08059
 0.44075
 0.69390
 0.23975
 0.15686
 0.58179
 0.62739
 0.77573
 0.37539
 0.23448
 0.52645
 0.24022
 0.35084
 0.83349
 0.01059
 0.51268
 0.39243
 0.29595
 0.35700
 0.10692
 0.49483
 0.06120
 0.38275
 0.15584
 0.70145
 0.17361
 0.72359
 0.27436
 0.16857
 0.45529
 0.41260
 0.01177
 0.03903
 0.34517
 0.71054
 0.64655
 0.15167
 0.70106
 0.17311
 0.75645
 0.48247
 0.27375
 0.11079
 0.01742
 0.37202
 0.49639
 0.75462
 0.03511
 0.01203
 0.71955
 0.14651
 0.85868
 0.55324
 0.42406
 0.43065
 0.50041
 0.14466
 0.80755
 0.66652
 0.89362
 0.25054
 0.70789
 0.44523
 0.77581
 0.48666
 0.32945
 0.23405
 0.47392
 0.46625
 0.37398
 0.38694
 0.23541
 0.64587
 0.26675
 0.33611
 0.43216
 0.02981
 0.23674
 0.30194
 0.15094
 0.41316
 0.61322
 0.57132
 0.01069
 0.49129
 0.57409
 0.33605
 0.20522
 0.07607
 0.80970
 0.68283
 0.19513
 0.86923
 0.61718
 0.15940
 0.18145
 0.00095
 0.06460
 0.33102
 0.36733
 0.53091
 0.11546
 0.67779
 0.27149
 0.15929
 0.12369
 0.00813
 0.26601
 0.03880
 0.07425
 0.28585
 0.53091
 0.07159
 0.48199
 0.78118
 0.12838
 0.78711
 0.37579
 0.96539
 0.55043
 0.24323
 0.73690
 0.33704
 0.79495
 0.00045
 0.24801
 0.55299
 0.17553
 0.20029
 0.61719
 0.29367
 0.47174
 0.10488
 0.83971
 0.35724
 0.51321
 0.54501
 0.01678
 0.08333
 0.23857
 0.34543
 0.08638
 0.12262
 0.02175
 0.72389
 0.12338
 0.56524
 0.25259
 0.62660
 0.02672
 0.21808
 0.17372
 0.30240
 0.19137
 0.44926
 0.77032
 0.87143
 0.45008
 0.11845
 0.06174
 0.05315
 0.22250
 0.50170
 0.28299
 0.24032
 0.12733
 0.26706
 0.56851
 0.38039
 0.76807
 0.14472
 0.41722
 0.51941
 0.53451
 0.25174
 0.22081
 0.22849
 0.44586
 0.15836
 0.20175
 0.20371
 0.82588
 0.22119
 0.40844
 0.03814
 0.32096
 0.14226
 0.28472
 0.02983
 0.11602
 0.51510
 0.82655
 0.07368
 0.25751
 0.66002
 0.06200
 0.27847
 0.26172
 0.77303
 0.22426
 0.20986
 0.37437
 0.20930
 0.30215
 0.17664
 0.09105
 0.14792
 0.78388
 0.58576
 0.48171
 0.04702
 0.17511
 0.62813
 0.51335
 0.33764
 0.21698
 0.04676
 0.39523
 0.21493
 0.48170
 0.14561
 0.13574
 0.41469
 0.89578
 0.49744
 0.80823
 0.69851
 0.00335
 0.12699
 0.14505
 0.55630
 0.21018
 0.83284
 0.36416
 0.09701
 0.25520
 0.76039
 0.73918
 0.04178
 0.01027
 0.64069
 0.12770
 0.26923
 0.16789
 0.21029
 0.62563
 0.58289
 0.17679
 0.49876
 0.73025
 0.12803
 0.17594
 0.56614
 0.45981
 0.23717
 0.14041
 0.09758
 0.51211
 0.05559
 0.18053
 0.42617
 0.33667
 0.82322
 0.30589
 0.86354
 0.39611
 0.19711
 0.75815
 0.83662
 0.09357
 0.67602
 0.01506
 0.13607
 0.05255
 0.18667
 0.44939
 0.02246
 0.30548
 0.07540
 0.49977
 0.09108
 0.34287
 0.59416
 0.33799
 0.23793
 0.69566
 0.54395
 0.45740
 0.25417
 0.48470
 0.91300
 0.01561
 0.64034
 0.18546
 0.02908
 0.35805
 0.31634
 0.11029
 0.41005
 0.83710
 0.27176
 0.27458
 0.44072
 0.67302
 0.05899
 0.15669
 0.15910
 0.68638
 0.21528
 0.88427
 0.13411
 0.29833
 0.29206
 0.29321
 0.02944
 0.49170
 0.32717
 0.69719
 0.09447
 0.04521
 0.09710
 0.73179
 0.14402
 0.00891
 0.13108
 0.18694
 0.24334
 0.14740
 0.65649
 0.58305
 0.09926
 0.60796
 0.64614
 0.17611
 0.56067
 0.52114
 0.47020
 0.19276
 0.01856
 0.80404
 0.67385
 0.29313
 0.72100
 0.48855
 0.29342
 0.19547
 0.17030
 0.21512
 0.00884
 0.07092
 0.00732
 0.53388
 0.04079
 0.09805
 0.52395
 0.43981
 0.59600
 0.06557
 0.20362
 0.93291
 0.60757
 0.73423
 0.27353
 0.01259
 0.62492
 0.14106
 0.50358
 0.12545
 0.28167
 0.21488
 0.61686
 0.13579
 0.20213
 0.06393
 0.03167
 0.00855
 0.45041
 0.09556
 0.14244
 0.05549
 0.11796
 0.69985
 0.05005
 0.27525
 0.28087
 0.80728
 0.75849
 0.16836
 0.04259
 0.68645
 0.08577
 0.21233
 0.34812
 0.13687
 0.46936
 0.91515
 0.63112
 0.39660
 0.29679
 0.03727
 0.02434
 0.61082
 0.04369
 0.60244
 0.49856
 0.51569
 0.33438
 0.56577
 0.74774
 0.35710
 0.05717
 0.40723
 0.31025
 0.09662
 0.49589
 0.50893
 0.03710
 0.39800
 0.20156
 0.46917
 0.37224
 0.57000
 0.15746
 0.62702
 0.69279
 0.63345
 0.57421
 0.78767
 0.17595
 0.67766
 0.52929
 0.07014
 0.86900
 0.36806
 0.33284
 0.50997
 0.54526
 0.44758
 0.33673
 0.13097
 0.22287
 0.01227
 0.06230
 0.03053
 0.51059
 0.47341
 0.20051
 0.14885
 0.11689
 0.22640
 0.01758
 0.19670
 0.77871
 0.17648
 0.50486
 0.68531
 0.12923
 0.34913
 0.24008
 0.29548
 0.16855
 0.09258
 0.07220
 0.40253
 0.74590
 0.23242
 0.25799
 0.16552
 0.11074
 0.73227
 0.28199
 0.29869
 0.48173
 0.47209
 0.45855
 0.16216
 0.23843
 0.27367
 0.34622
 0.74542
 0.59931
 0.13953
 0.35234
 0.10836
 0.33676
 0.18014
 0.57929
 0.01578
 0.29542
 0.26279
 0.31121
 0.39626
 0.26964
 0.76011
 0.08181
 0.01709
 0.17827
 0.01676
 0.22236
 0.19323
 0.43859
 0.24817
 0.04299
 0.31599
 0.39141
 0.64335
 0.28320
 0.13868
 0.05051
 0.27335
 0.05421
 0.26379
 0.20637
 0.37764
 0.03638
 0.11739
 0.59080
 0.31670
 0.26896
 0.57518
 0.26369
 0.08919
 0.03646
 0.03772
 0.19049
 0.23099
 0.42114
 0.85873
 0.18836
 0.25828
 0.61994
 0.78222
 0.40893
 0.39704
 0.38221
 0.86474
 0.83429
 0.27815
 0.18961
 0.10971
 0.40566
 0.08762
 0.50586
 0.09158
 0.11092
 0.30069
 0.03714
 0.40700
 0.58104
 0.20767
 0.23150
 0.82692
 0.03532
 0.32471
 0.15042
 0.75353
 0.54698
 0.43800
 0.12816
 0.59280
 0.76710
 0.65480
 0.30316
 0.50073
 0.40128
 0.57934
 0.03918
 0.29826
 0.58784
 0.57810
 0.07769
 0.40143
 0.23041
 0.77521
 0.52148
 0.15267
 0.13913
 0.60760
 0.09833
 0.30354
 0.13806
 0.69353
 0.09578
 0.92048
 0.33589
 0.33106
 0.92048
 0.27841
 0.60284
 0.05631
 0.21366
 0.51150
 0.09796
 0.67620
 0.55860
 0.08862
 0.69383
 0.13031
 0.12132
 0.76756
 0.14470
 0.09475
 0.03880
 0.18701
 0.49369
 0.27320
 0.62296
 0.01531
 0.31849
 0.57090
 0.28756
 0.06338
 0.37594
 0.08889
 0.35303
 0.67404
 0.74353
 0.06307
 0.34991
 0.41730
 0.37830
 0.06292
 0.06928
 0.04664
 0.90025
 0.03934
 0.38679
 0.55303
 0.20456
 0.00571
 0.31481
 0.05157
 0.25002
 0.61159
 0.05465
 0.47126
 0.39050
 0.72837
 0.63330
 0.41407
 0.12877
 0.26958
 0.46011
 0.20647
 0.21970
 0.66403
 0.30109
 0.57744
 0.48960
 0.55988
 0.43203
 0.00259
 0.08576
 0.63591
 0.06528
 0.03692
 0.20570
 0.04998
 0.15176
 0.30450
 0.04961
 0.71126
 0.34158
 0.25197
 0.23316
 0.64888
 0.17717
 0.49648
 0.05804
 0.31607
 0.59955
 0.72595
 0.40730
 0.25264
 0.71361
 0.84235
 0.43627
 0.22401
 0.31101
 0.39244
 0.36311
 0.10115
 0.51691
 0.39996
 0.21257
 0.08407
 0.16981
 0.54148
 0.14824
 0.58198
 0.05755
 0.15485
 0.77116
 0.60863
 0.46623
 0.23719
 0.07412
 0.32547
 0.45188
 0.09662
 0.54802
 0.85647
 0.23605
 0.26388
 0.14260
 0.33147
 0.15702
 0.43883
 0.50171
 0.79977
 0.48204
 0.74461
 0.44032
 0.17502
 0.72060
 0.08971
 0.61936
 0.31587
 0.48794
 0.15399
 0.00628
 0.00705
 0.41892
 0.41835
 0.25278
 0.79689
 0.65160
 0.21097
 0.75089
 0.52076
 0.72273
 0.03231
 0.65061
 0.34162
 0.82341
 0.50827
 0.19397
 0.55114
 0.45028
 0.55420
 0.47937
 0.15253
 0.29062
 0.19932
 0.21140
 0.58299
 0.22418
 0.49416
 0.16533
 0.14556
 0.25899
 0.20734
 0.36207
 0.43026
 0.93465
 0.44343
 0.28812
 0.17081
 0.18401
 0.09543
 0.33737
 0.45134
 0.66159
 0.57165
 0.00107
 0.36479
 0.31725
 0.09674
 0.19565
 0.01650
 0.58908
 0.38117
 0.40556
 0.14877
 0.45505
 0.25215
 0.44585
 0.30899
 0.39151
 0.33277
 0.36949
 0.05760
 0.08277
 0.24928
 0.27489
 0.46909
 0.77020
 0.49791
 0.08506
 0.37741
 0.66070
 0.32268
 0.11168
 0.34744
 0.05313
 0.04518
 0.31695
 0.35234
 0.62951
 0.11772
 0.06316
 0.04724
 0.21961
 0.54003
 0.33988
 0.54322
 0.93585
 0.30641
 0.17794
 0.55066
 0.20969
 0.60450
 0.27153
 0.51814
 0.70553
 0.22619
 0.03311
 0.00081
 0.29652
 0.08672
 0.16989
 0.23715
 0.08121
 0.23407
 0.32789
 0.52017
 0.21970
 0.27406
 0.41563
 0.70005
 0.83016
 0.23817
 0.49632
 0.64539
 0.67466
 0.07122
 0.88932
 0.18591
 0.40789
 0.00160
 0.18313
 0.00467
 0.23155
 0.31177
 0.91248
 0.17329
 0.79698
 0.45469
 0.19012
 0.11136
 0.08545
 0.40536
 0.50813
 0.59812
 0.10603
 0.30269
 0.51891
 0.17632
 0.22361
 0.09120
 0.36250
 0.17749
 0.05878
 0.38985
 0.14585
 0.00602
 0.09760
 0.63296
 0.44679
 0.01411
 0.74643
 0.61887
 0.20511
 0.35681
 0.28115
 0.31545
 0.39330
 0.54612
 0.47111
 0.33211
 0.23678
 0.64520
 0.53759
 0.38357
 0.94080
 0.31489
 0.17235
 0.42141
 0.59029
 0.47305
 0.87407
 0.15182
 0.32138
 0.54507
 0.63962
 0.58181
 0.85981
 0.29917
 0.56821
 0.16577
 0.57118
 0.10907
 0.45854
 0.19235
 0.68721
 0.09538
 0.14322
 0.20070
 0.43763
 0.37573
 0.03613
 0.70985
 0.27004
 0.49734
 0.51275
 0.45326
 0.57815
 0.10916
 0.02256
 0.02095
 0.11375
 0.26925
 0.24964
 0.34020
 0.49493
 0.11982
 0.53436
 0.61364
 0.51512
 0.53666
 0.40142
 0.71726
 0.03039
 0.08422
 0.81411
 0.56214
 0.69113
 0.06249
 0.07929
 0.28917
 0.69872
 0.47612
 0.05890
 0.80145
 0.47334
 0.04976
 0.51602
 0.49674
 0.72737
 0.75874
 0.32505
 0.20506
 0.66212
 0.41886
 0.08879
 0.00706
 0.29480
 0.28535
 0.24870
 0.34773
 0.25110
 0.55624
 0.76095
 0.33293
 0.36162
 0.48986
 0.74873
 0.08166
 0.45750
 0.09959
 0.56183
 0.34661
 0.31821
 0.88915
 0.05005
 0.64405
 0.58300
 0.17049
 0.27759
 0.55738
 0.54431
 0.52194
 0.62219
 0.32094
 0.03045
 0.29316
 0.33793
 0.28838
 0.00200
 0.34492
 0.58152
 0.03835
 0.75193
 0.09547
 0.29292
 0.77231
 0.52975
 0.75518
 0.67866
 0.02644
 0.12179
 0.50016
 0.05933
 0.27128
 0.16449
 0.50579
 0.64837
 0.59916
 0.65524
 0.05774
 0.56831
 0.41596
 0.60461
 0.00819
 0.57405
 0.32554
 0.37165
 0.33537
 0.45384
 0.06557
 0.34005
 0.50930
 0.39718
 0.10779
 0.51330
 0.05737
 0.43524
 0.09391
 0.14830
 0.34795
 0.38660
 0.62824
 0.89530
 0.87833
 0.59788
 0.20999
 0.62942
 0.35439
 0.68827
 0.64397
 0.05744
 0.07288
 0.21118
 0.46560
 0.06234
 0.33700
 0.35348
 0.44884
 0.15583
 0.61132
 0.23792
 0.37530
 0.03511
 0.25375
 0.10230
 0.34122
 0.20435
 0.08516
 0.08235
 0.55814
 0.32560
 0.77521
 0.06764
 0.58860
 0.41549
 0.40367
 0.39437
 0.52539
 0.19324
 0.41130
 0.21616
 0.57443
 0.73483
 0.58851
 0.25828
 0.49768
 0.57582
 0.20233
 0.03709
 0.40348
 0.77551
 0.34915
 0.64551
 0.16321
 0.24842
 0.76685
 0.43362
 0.12583
 0.06060
 0.15192
 0.14194
 0.04365
 0.04156
 0.50426
 0.65753
 0.05223
 0.84613
 0.41407
 0.36700
 0.43778
 0.07097
 0.38010
 0.20217
 0.09865
 0.50392
 0.42070
 0.24888
 0.15434
 0.36676
 0.80084
 0.66874
 0.14350
 0.23315
 0.01430
 0.23914
 0.15052
 0.55248
 0.53188
 0.31918
 0.05443
 0.67578
 0.00221
 0.67175
 0.46461
 0.37935
 0.01208
 0.68813
 0.07587
 0.03735
 0.23624
 0.02080
 0.31445
 0.00939
 0.52542
 0.17756
 0.49421
 0.51976
 0.16561
 0.36692
 0.40527
 0.01677
 0.00370
 0.79192
 0.41666
 0.24714
 0.30549
 0.14416
 0.55531
 0.57072
 0.39162
 0.39214
 0.01296
 0.39184
 0.28635
 0.57093
 0.19478
 0.01472
 0.31187
 0.61391
 0.63095
 0.11738
 0.42332
 0.08856
 0.11511
 0.34521
 0.38642
 0.75162
 0.19072
 0.01404
 0.31696
 0.27742
 0.48083
 0.55857
 0.26849
 0.21723
 0.16761
 0.45258
 0.45659
 0.70785
 0.32157
 0.67306
 0.60009
 0.34264
 0.22625
 0.29009
 0.42887
 0.68124
 0.08660
 0.11923
 0.57342
 0.54083
 0.34623
 0.54684
 0.38421
 0.30147
 0.22507
 0.51717
 0.05869
 0.07021
 0.21984
 0.46005
 0.07892
 0.32435
 0.05195
 0.15323
 0.34674
 0.01270
 0.55143
 0.26759
 0.09437
 0.56130
 0.55498
 0.13095
 0.26495
 0.19327
 0.38734
 0.45814
 0.54262
 0.07985
 0.52303
 0.46410
 0.34086
 0.06832
 0.52774
 0.05526
 0.22262
 0.72418
 0.10267
 0.73079
 0.23313
 0.03903
 0.34552
 0.50316
 0.53948
 0.29323
 0.48128
 0.77057
 0.50538
 0.00187
 0.48674
 0.15683
 0.10493
 0.06736
 0.39755
 0.43780
 0.88381
 0.69029
 0.04028
 0.11779
 0.47622
 0.03780
 0.80682
 0.78182
 0.18197
 0.67920
 0.21756
 0.24687
 0.24231
 0.64535
 0.16957
 0.21819
 0.18011
 0.27854
 0.44475
 0.36737
 0.32300
 0.52385
 0.14641
 0.09991
 0.28608
 0.06948
 0.20854
 0.61441
 0.80954
 0.14239
 0.93081
 0.20286
 0.10479
 0.01513
 0.16423
 0.52890
 0.37277
 0.57238
 0.58867
 0.28887
 0.76612
 0.82913
 0.28531
 0.02596
 0.50207
 0.03066
 0.20939
 0.44966
 0.60372
 0.83515
 0.50477
 0.02878
 0.42701
 0.48525
 0.17646
 0.22208
 0.51643
 0.27104
 0.07598
 0.81346
 0.62323
 0.08928
 0.61803
 0.52404
 0.48088
 0.47762
 0.66386
 0.34971
 0.73710
 0.60002
 0.03803
 0.68378
 0.88478
 0.59780
 0.82814
 0.58836
 0.24255
 0.47717
 0.36936
 0.42158
 0.07240
 0.45594
 0.85574
 0.81802
 0.17495
 0.76919
 0.26318
 0.16106
 0.13275
 0.31731
 0.25725
 0.06071
 0.20257
 0.79761
 0.06582
 0.27679
 0.24730
 0.66194
 0.45416
 0.37696
 0.31846
 0.28556
 0.47610
 0.68868
 0.24677
 0.49791
 0.06743
 0.15466
 0.65933
 0.71353
 0.33405
 0.28327
 0.45610
 0.75627
 0.15292
 0.84342
 0.15299
 0.10607
 0.01912
 0.46594
 0.11216
 0.59711
 0.35574
 0.07047
 0.24988
 0.50620
 0.65904
 0.10611
 0.49595
 0.40287
 0.26322
 0.17957
 0.71028
 0.75330
 0.20151
 0.27454
 0.22106
 0.04233
 0.03129
 0.25070
 0.01143
 0.30333
 0.34519
 0.22182
 0.23661
 0.46320
 0.28194
 0.05723
 0.50635
 0.63769
 0.78478
 0.42082
 0.02882
 0.57262
 0.67701
 0.23373
 0.86066
 0.29538
 0.02281
 0.50656
 0.54657
 0.15192
 0.82009
 0.67509
 0.38828
 0.63057
 0.27601
 0.16285
 0.30720
 0.49476
 0.56214
 0.10964
 0.12209
 0.42391
 0.33078
 0.69307
 0.22981
 0.75735
 0.21984
 0.16541
 0.32482
 0.29875
 0.32269
 0.25246
 0.71535
 0.41458
 0.34053
 0.48110
 0.10693
 0.24795
 0.56912
 0.19976
 0.16866
 0.55717
 0.39335
 0.14287
 0.01279
 0.77939
 0.51197
 0.63997
 0.23967
 0.94341
 0.53438
 0.03046
 0.27775
 0.59588
 0.26808
 0.60195
 0.82906
 0.64678
 0.30713
 0.66788
 0.44054
 0.70507
 0.39508
 0.55782
 0.14161
 0.40001
 0.00381
 0.30234
 0.40320
 0.39882
 0.12114
 0.70737
 0.89262
 0.07408
 0.13506
 0.27356
 0.16811
 0.04250
 0.39701
 0.85098
 0.04455
 0.27049
 0.28766
 0.07839
 0.07771
 0.40419
 0.32496
 0.51790
 0.17087
 0.10212
 0.05668
 0.45699
 0.10408
 0.33024
 0.79884
 0.17455
 0.19855
 0.23340
 0.24170
 0.02152
 0.29310
 0.00260
 0.80632
 0.48150
 0.02818
 0.17154
 0.44058
 0.25377
 0.83035
 0.04736
 0.24466
 0.70827
 0.82952
 0.47618
 0.59170
 0.11749
 0.38441
 0.20819
 0.10463
 0.09651
 0.94245
 0.09464
 0.33760
 0.35017
 0.10084
 0.21897
 0.55326
 0.84066
 0.38477
 0.90033
 0.43671
 0.04244
 0.11900
 0.11596
 0.43508
 0.50157
 0.10453
 0.06829
 0.58950
 0.09915
 0.13816
 0.57337
 0.30381
 0.09918
 0.52395
 0.58734
 0.38592
 0.09397
 0.00951
 0.15943
 0.10304
 0.00529
 0.37173
 0.06928
 0.61527
 0.23588
 0.08064
 0.18289
 0.17838
 0.02835
 0.46553
 0.17697
 0.25684
 0.51612
 0.61041
 0.30213
 0.28338
 0.15663
 0.33038
 0.48026
 0.21818
 0.09896
 0.47039
 0.44167
 0.10749
 0.93312
 0.30148
 0.06627
 0.26587
 0.28369
 0.14668
 0.10474
 0.74170
 0.02038
 0.65414
 0.32368
 0.11919
 0.35780
 0.01024
 0.53290
 0.79231
 0.39820
 0.43621
 0.47884
 0.80131
 0.61922
 0.78727
 0.08499
 0.54190
 0.03618
 0.05575
 0.60126
 0.50615
 0.24584
 0.67145
 0.26736
 0.19720
 0.34073
 0.68190
 0.08854
 0.53963
 0.26024
 0.53657
 0.25190
 0.40255
 0.22651
 0.09481
 0.39284
 0.54146
 0.43155
 0.57143
 0.20107
 0.06607
 0.72856
 0.21990
 0.24621
 0.40612
 0.10980
 0.44163
 0.10631
 0.19805
 0.62882
 0.70924
 0.02725
 0.35714
 0.64071
 0.29201
 0.33875
 0.08343
 0.44387
 0.18684
 0.36175
 0.02879
 0.69082
 0.34142
 0.21391
 0.36341
 0.00443
 0.45661
 0.16647
 0.72596
 0.03179
 0.74084
 0.56307
 0.37075
 0.84551
 0.22354
 0.10638
 0.04672
 0.44267
 0.52133
 0.69563
 0.90479
 0.35581
 0.12859
 0.56570
 0.20153
 0.41828
 0.55966
 0.07476
 0.24881
 0.79397
 0.17097
 0.03731
 0.45311
 0.39341
 0.64509
 0.49734
 0.22307
 0.48598
 0.42875
 0.13864
 0.29974
 0.28131
 0.20478
 0.46019
 0.24364
 0.39263
 0.56833
 0.10498
 0.50706
 0.46313
 0.29513
 0.34757
 0.35241
 0.68286
 0.08645
 0.23618
 0.24286
 0.57618
 0.53595
 0.25713
 0.37025
 0.44806
 0.26415
 0.44422
 0.45181
 0.89973
 0.75299
 0.00286
 0.83009
 0.27750
 0.54583
 0.06424
 0.73715
 0.05822
 0.05293
 0.02375
 0.13112
 0.21661
 0.09661
 0.20387
 0.25384
 0.02073
 0.21554
 0.87259
 0.15963
 0.16744
 0.49644
 0.31374
 0.10284
 0.48755
 0.61379
 0.29591
 0.91721
 0.06535
 0.18750
 0.87198
 0.37051
 0.28497
 0.48331
 0.77598
 0.14459
 0.88953
 0.34727
 0.10879
 0.35345
 0.50916
 0.05192
 0.14100
 0.40312
 0.12336
 0.67601
 0.68825
 0.80081
 0.14942
 0.13264
 0.00087
 0.51109
 0.27882
 0.48427
 0.30154
 0.44933
 0.44146
 0.26938
 0.54926
 0.26862
 0.37297
 0.20101
 0.56825
 0.57689
 0.39489
 0.32639
 0.69187
 0.65638
 0.47886
 0.06710
 0.34439
 0.09032
 0.60985
 0.50226
 0.02376
 0.73514
 0.45555
 0.17857
 0.09240
 0.26944
 0.02029
 0.40142
 0.45698
 0.21721
 0.26427
 0.23625
 0.41726
 0.00007
 0.27398
 0.52362
 0.27497
 0.71470
 0.47521
 0.76180
 0.13631
 0.57287
 0.14420
 0.68232
 0.59562
 0.27677
 0.23679
 0.90089
 0.68606
 0.36797
 0.10341
 0.35062
 0.63224
 0.46511
 0.22787
 0.62885
 0.08207
 0.06235
 0.46994
 0.53066
 0.71942
 0.61180
 0.61302
 0.22521
 0.05308
 0.02352
 0.31116
 0.31080
 0.18844
 0.53489
 0.18986
 0.29403
 0.16342
 0.24524
 0.02511
 0.40891
 0.24680
 0.58936
 0.67045
 0.51747
 0.50495
 0.19692
 0.79403
 0.13593
 0.26418
 0.31398
 0.14457
 0.50230
 0.71038
 0.21547
 0.08892
 0.39216
 0.69880
 0.35894
 0.10009
 0.61082
 0.18727
 0.03154
 0.80680
 0.12616
 0.28938
 0.14270
 0.43988
 0.18091
 0.43948
 0.28244
 0.24386
 0.43529
 0.03886
 0.21380
 0.83277
 0.41811
 0.03873
 0.52000
 0.04987
 0.85796
 0.76509
 0.03721
 0.71305
 0.95442
 0.07226
 0.04243
 0.13314
 0.29166
 0.00172
 0.02511
 0.61096
 0.20027
 0.30313
 0.26589
 0.33101
 0.79966
 0.43281
 0.69930
 0.28069
 0.27093
 0.55304
 0.08348
 0.13054
 0.08352
 0.78526
 0.11049
 0.47905
 0.16475
 0.58252
 0.84203
 0.31705
 0.14926
 0.48920
 0.02415
 0.61944
 0.09795
 0.31992
 0.15293
 0.28199
 0.89621
 0.21916
 0.32583
 0.20456
 0.17717
 0.84801
 0.76852
 0.39681
 0.57618
 0.19165
 0.63398
 0.19392
 0.26511
 0.29317
 0.53702
 0.12542
 0.85517
 0.01018
 0.12293
 0.50449
 0.03723
 0.11261
 0.04738
 0.03214
 0.48497
 0.07492
 0.08607
 0.16321
 0.01997
 0.66198
 0.36829
 0.15803
 0.11331
 0.51378
 0.26339
 0.24645
 0.34975
 0.04436
 0.74376
 0.05556
 0.73065
 0.92197
 0.50084
 0.44797
 0.11484
 0.16780
 0.63194
 0.25569
 0.27954
 0.01771
 0.76337
 0.25469
 0.51567
 0.39278
 0.08550
 0.67698
 0.45507
 0.40584
 0.43907
 0.30971
 0.54722
 0.34591
 0.21996
 0.47423
 0.56748
 0.64813
 0.03422
 0.37078
 0.54858
 0.13512
 0.01987
 0.15891
 0.20933
 0.64527
 0.78215
 0.24446
 0.62177
 0.57756
 0.62785
 0.15272
 0.94919
 0.01615
 0.29951
 0.77854
 0.54068
 0.01124
 0.37959
 0.90244
 0.74945
 0.22617
 0.02116
 0.56515
 0.02893
 0.50273
 0.47134
 0.01548
 0.60301
 0.76230
 0.46739
 0.10972
 0.13025
 0.25002
 0.63400
 0.00612
 0.11426
 0.11963
 0.30368
 0.13921
 0.27873
 0.70111
 0.33356
 0.47905
 0.11545
 0.34201
 0.06547
 0.07293
 0.79745
 0.15724
 0.47829
 0.06954
 0.20341
 0.01373
 0.53366
 0.03975
 0.09804
 0.12544
 0.39070
 0.42404
 0.12642
 0.16643
 0.69582
 0.48899
 0.21488
 0.66874
 0.65788
 0.63898
 0.53903
 0.07997
 0.23785
 0.62021
 0.33011
 0.27151
 0.63160
 0.24249
 0.04262
 0.86686
 0.71561
 0.06070
 0.44953
 0.14085
 0.17553
 0.17242
 0.27182
 0.39388
 0.90483
 0.02355
 0.62174
 0.54441
 0.88889
 0.62450
 0.58141
 0.32500
 0.65106
 0.49558
 0.11805
 0.14981
 0.28846
 0.73519
 0.11801
 0.11841
 0.16770
 0.71345
 0.10487
 0.44180
 0.72130
 0.10018
 0.00701
 0.44078
 0.72002
 0.09109
 0.45432
 0.28576
 0.16599
 0.02020
 0.15461
 0.00382
 0.93018
 0.09773
 0.73895
 0.11372
 0.07553
 0.00336
 0.31859
 0.03342
 0.36090
 0.48102
 0.42284
 0.33829
 0.13889
 0.62734
 0.61961
 0.81376
 0.83781
 0.46432
 0.56473
 0.13188
 0.69829
 0.07755
 0.44367
 0.13521
 0.06311
 0.40366
 0.36720
 0.56277
 0.44632
 0.18046
 0.30413
 0.07381
 0.85793
 0.40020
 0.56334
 0.19487
 0.32795
 0.78732
 0.23680
 0.47562
 0.46911
 0.20596
 0.54596
 0.08805
 0.93580
 0.05860
 0.31030
 0.51414
 0.08943
 0.06100
 0.10023
 0.75029
 0.47226
 0.48833
 0.48728
 0.20927
 0.33019
 0.38094
 0.23548
 0.41438
 0.52045
 0.27322
 0.42809
 0.20062
 0.15668
 0.10926
 0.10057
 0.70564
 0.49556
 0.11400
 0.05372
 0.30994
 0.21096
 0.01546
 0.21729
 0.12935
 0.13328
 0.48739
 0.40854
 0.48546
 0.16624
 0.22274
 0.38886
 0.01303
 0.46582
 0.69022
 0.30663
 0.52015
 0.68408
 0.07648
 0.24019
 0.38204
 0.07301
 0.02125
 0.36817
 0.10978
 0.16607
 0.47991
 0.83235
 0.09687
 0.58714
 0.62359
 0.23571
 0.25651
 0.05636
 0.25356
 0.05052
 0.34100
 0.14738
 0.02768
 0.46051
 0.83301
 0.47924
 0.43286
 0.46523
 0.64901
 0.00756
 0.69260
 0.65245
 0.57466
 0.04625
 0.10621
 0.80618
 0.11364
 0.24120
 0.35081
 0.16909
 0.73446
 0.14877
 0.40810
 0.14593
 0.52871
 0.36559
 0.06023
 0.83322
 0.01586
 0.18827
 0.86829
 0.62994
 0.67369
 0.39995
 0.00224
 0.46799
 0.47000
 0.80932
 0.38876
 0.05725
 0.57987
 0.04107
 0.98730
 0.40402
 0.54989
 0.15369
 0.42248
 0.42188
 0.30637
 0.07407
 0.20779
 0.26572
 0.11424
 0.41736
 0.66771
 0.62006
 0.24772
 0.67114
 0.48743
 0.42901
 0.41766
 0.04179
 0.41458
 0.56113
 0.19301
 0.28713
 0.34978
 0.59515
 0.33251
 0.45630
 0.71956
 0.02173
 0.44332
 0.79924
 0.01147
 0.15868
 0.16442
 0.05138
 0.32291
 0.77980
 0.20178
 0.58064
 0.08634
 0.74255
 0.06282
 0.82846
 0.32793
 0.19301
 0.23162
 0.17232
 0.68891
 0.07364
 0.55362
 0.44500
 0.16185
 0.20865
 0.23316
 0.07452
 0.18704
 0.65882
 0.52074
 0.25088
 0.66037
 0.43749
 0.77683
 0.23419
 0.33771
 0.07479
 0.89431
 0.43736
 0.36400
 0.46921
 0.48556
 0.04019
 0.08017
 0.21259
 0.16659
 0.56977
 0.45553
 0.14426
 0.38875
 0.63959
 0.08443
 0.24606
 0.97723
 0.43891
 0.18109
 0.48736
 0.69651
 0.11362
 0.00020
 0.31402
 0.15861
 0.76315
 0.07151
 0.36175
 0.41203
 0.31846
 0.38170
 0.62418
 0.43991
 0.01752
 0.58441
 0.04271
 0.23725
 0.01124
 0.52892
 0.06939
 0.07045
 0.04813
 0.17734
 0.18409
 0.01908
 0.38336
 0.71681
 0.14358
 0.21438
 0.01978
 0.24150
 0.79713
 0.19977
 0.01490
 0.46771
 0.70145
 0.50438
 0.81396
 0.70101
 0.27047
 0.19159
 0.20201
 0.33322
 0.52749
 0.20044
 0.13464
 0.41061
 0.30324
 0.73663
 0.17012
 0.88311
 0.21289
 0.67133
 0.58136
 0.13379
 0.12735
 0.25047
 0.80416
 0.66876
 0.07540
 0.45490
 0.46948
 0.39193
 0.57380
 0.56950
 0.79321
 0.34487
 0.63736
 0.66443
 0.20373
 0.14225
 0.60382
 0.53608
 0.15342
 0.26935
 0.50620
 0.09565
 0.15507
 0.56175
 0.19089
 0.19813
 0.26452
 0.74411
 0.20338
 0.58297
 0.31955
 0.30381
 0.08894
 0.38146
 0.10931
 0.06232
 0.66455
 0.42539
 0.18697
 0.00366
 0.53774
 0.19248
 0.26259
 0.57136
 0.35202
 0.19346
 0.48882
 0.08709
 0.30256
 0.19187
 0.42452
 0.69137
 0.19071
 0.05729
 0.22233
 0.05281
 0.69873
 0.79063
 0.19211
 0.04358
 0.73353
 0.08313
 0.37986
 0.06708
 0.86158
 0.91025
 0.28833
 0.36169
 0.64250
 0.79273
 0.69981
 0.16435
 0.20275
 0.20662
 0.88602
 0.72994
 0.19151
 0.52770
 0.44990
 0.10041
 0.30861
 0.07584
 0.67039
 0.46475
 0.58426
 0.50966
 0.20398
 0.47828
 0.26389
 0.02321
 0.63307
 0.25849
 0.52621
 0.65460
 0.26022
 0.04198
 0.07714
 0.05657
 0.37819
 0.22747
 0.55865
 0.61328
 0.82721
 0.36733
 0.59765
 0.71358
 0.15995
 0.56571
 0.47561
 0.27405
 0.33174
 0.44102
 0.71215
 0.07574
 0.78201
 0.80313
 0.44858
 0.27227
 0.82133
 0.34293
 0.31829
 0.00561
 0.20907
 0.44990
 0.70166
 0.11099
 0.26113
 0.41477
 0.17471
 0.68105
 0.40247
 0.53824
 0.31800
 0.39227
 0.69811
 0.37298
 0.27745
 0.36579
 0.48970
 0.89618
 0.19350
 0.41838
 0.08097
 0.40356
 0.57766
 0.07584
 0.55019
 0.17521
 0.16621
 0.23015
 0.34279
 0.11871
 0.15158
 0.14428
 0.16499
 0.40413
 0.18588
 0.31138
 0.05475
 0.09391
 0.66107
 0.46838
 0.10023
 0.71282
 0.25932
 0.19182
 0.29391
 0.14991
 0.42999
 0.09674
 0.13554
 0.08533
 0.26403
 0.38131
 0.71560
 0.24448
 0.55138
 0.42920
 0.07441
 0.04849
 0.46717
 0.91644
 0.60896
 0.75945
 0.10642
 0.65735
 0.33721
 0.57068
 0.05078
 0.19073
 0.26314
 0.84885
 0.09516
 0.34243
 0.22386
 0.06449
 0.00414
 0.50632
 0.21489
 0.32768
 0.12580
 0.91904
 0.03475
 0.38706
 0.51391
 0.26063
 0.19031
 0.25875
 0.10768
 0.59654
 0.64701
 0.06457
 0.29748
 0.02386
 0.19542
 0.54197
 0.23224
 0.08332
 0.70363
 0.30818
 0.35275
 0.17341
 0.17964
 0.06281
 0.42077
 0.57055
 0.06023
 0.71982
 0.72717
 0.07836
 0.47293
 0.72973
 0.04904
 0.09365
 0.43611
 0.68993
 0.64256
 0.13450
 0.64492
 0.08287
 0.55855
 0.54921
 0.82325
 0.28111
 0.33564
 0.77411
 0.45045
 0.23617
 0.25717
 0.44982
 0.66415
 0.18395
 0.42146
 0.56717
 0.17109
 0.47522
 0.71519
 0.68557
 0.03451
 0.17840
 0.10162
 0.39692
 0.56821
 0.72934
 0.82892
 0.40860
 0.03092
 0.03042
 0.14655
 0.65097
 0.43831
 0.32038
 0.85045
 0.05607
 0.74281
 0.29085
 0.00643
 0.43699
 0.59225
 0.13640
 0.31395
 0.87244
 0.01051
 0.33331
 0.39416
 0.01702
 0.29601
 0.09233
 0.12758
 0.54691
 0.52274
 0.22728
 0.61627
 0.63431
 0.42253
 0.20255
 0.39634
 0.17287
 0.42471
 0.29819
 0.14392
 0.10816
 0.86244
 0.22372
 0.02041
 0.48019
 0.55494
 0.46012
 0.29816
 0.21509
 0.80498
 0.82951
 0.15362
 0.44749
 0.18543
 0.05152
 0.24337
 0.07070
 0.27982
 0.00237
 0.94389
 0.18494
 0.28890
 0.35677
 0.38153
 0.62440
 0.48873
 0.51939
 0.03586
 0.63329
 0.04378
 0.52516
 0.42857
 0.39965
 0.18680
 0.15753
 0.40573
 0.30088
 0.26830
 0.37929
 0.04999
 0.09259
 0.33763
 0.57388
 0.68729
 0.04719
 0.30469
 0.17570
 0.12105
 0.05218
 0.33567
 0.49729
 0.09892
 0.11785
 0.00962
 0.74990
 0.08169
 0.66329
 0.17975
 0.67545
 0.64282
 0.87503
 0.35893
 0.28353
 0.37012
 0.65259
 0.14669
 0.65372
 0.05734
 0.01159
 0.57945
 0.83629
 0.56746
 0.09536
 0.08624
 0.10981
 0.61816
 0.10824
 0.16158
 0.32925
 0.42623
 0.00845
 0.11229
 0.69074
 0.85473
 0.37029
 0.35098
 0.41384
 0.04937
 0.89113
 0.77670
 0.29803
 0.00801
 0.53208
 0.50244
 0.29126
 0.39042
 0.78556
 0.75191
 0.37189
 0.50789
 0.65594
 0.48803
 0.68215
 0.69520
 0.72130
 0.23062
 0.79378
 0.38242
 0.52934
 0.29608
 0.22595
 0.12789
 0.58920
 0.15418
 0.37269
 0.10002
 0.72023
 0.62807
 0.46667
 0.50406
 0.11765
 0.34941
 0.63638
 0.28683
 0.07422
 0.13060
 0.54206
 0.63789
 0.66560
 0.01250
 0.36874
 0.27185
 0.73192
 0.27842
 0.07375
 0.34837
 0.90285
 0.54243
 0.81174
 0.64542
 0.55299
 0.23270
 0.38036
 0.53202
 0.03086
 0.61751
 0.17674
 0.24052
 0.01377
 0.24351
 0.27960
 0.55576
 0.82472
 0.40095
 0.48415
 0.36165
 0.02782
 0.00490
 0.36935
 0.44927
 0.45899
 0.09887
 0.66871
 0.44795
 0.55821
 0.55189
 0.04200
 0.82675
 0.97407
 0.53462
 0.24721
 0.25017
 0.07383
 0.74999
 0.36200
 0.82957
 0.20281
 0.23025
 0.20843
 0.10806
 0.10582
 0.40429
 0.68473
 0.27990
 0.02032
 0.44104
 0.01682
 0.33645
 0.18365
 0.76296
 0.44532
 0.41132
 0.32111
 0.90797
 0.59678
 0.74308
 0.71630
 0.55487
 0.62234
 0.33669
 0.24360
 0.01775
 0.44036
 0.04428
 0.85272
 0.02827
 0.79275
 0.90697
 0.34015
 0.56204
 0.08344
 0.42058
 0.19797
 0.53940
 0.40181
 0.46436
 0.16737
 0.18356
 0.06352
 0.14948
 0.31830
 0.02008
 0.29380
 0.16746
 0.66936
 0.21441
 0.07406
 0.33070
 0.27541
 0.18720
 0.49654
 0.18538
 0.28434
 0.18407
 0.73734
 0.17206
 0.03203
 0.25479
 0.08052
 0.00635
 0.30631
 0.28416
 0.07361
 0.41071
 0.37865
 0.21847
 0.57453
 0.02224
 0.91862
 0.69254
 0.33515
 0.05326
 0.50123
 0.30088
 0.37900
 0.68501
 0.42247
 0.18232
 0.29920
 0.43547
 0.34289
 0.60624
 0.60196
 0.02967
 0.85810
 0.03897
 0.80790
 0.21090
 0.15571
 0.13114
 0.21571
 0.82733
 0.09460
 0.05104
 0.29352
 0.02326
 0.41179
 0.04141
 0.43174
 0.61527
 0.84538
 0.54518
 0.62015
 0.11449
 0.53371
 0.35746
 0.81548
 0.21965
 0.44896
 0.39909
 0.43758
 0.34018
 0.65282
 0.43401
 0.25706
 0.55026
 0.56553
 0.08906
 0.65504
 0.09883
 0.73431
 0.04195
 0.18550
 0.08587
 0.72955
 0.25841
 0.54032
 0.34706
 0.00001
 0.21223
 0.35793
 0.30042
 0.25014
 0.24608
 0.00248
 0.15116
 0.12441
 0.89909
 0.72082
 0.03751
 0.00049
 0.05455
 0.87037
 0.36098
 0.05763
 0.29998
 0.51960
 0.16141
 0.10779
 0.23764
 0.44476
 0.14013
 0.80998
 0.26766
 0.41233
 0.68822
 0.62960
 0.63607
 0.29428
 0.01585
 0.77303
 0.26304
 0.41517
 0.60437
 0.72783
 0.29719
 0.73512
 0.35088
 0.61229
 0.55401
 0.45075
 0.61482
 0.23619
 0.45523
 0.10476
 0.36847
 0.07604
 0.68998
 0.38955
 0.10945
 0.17519
 0.61578
 0.47703
 0.15116
 0.50446
 0.18970
 0.08595
 0.74475
 0.82714
 0.14639
 0.61292
 0.36913
 0.48214
 0.08274
 0.07054
 0.50577
 0.04893
 0.37544
 0.33108
 0.18712
 0.79942
 0.01085
 0.37569
 0.35134
 0.10308
 0.82996
 0.55156
 0.12435
 0.13088
 0.36132
 0.15690
 0.92098
 0.89617
 0.58032
 0.67289
 0.50262
 0.52120
 0.03141
 0.21567
 0.15286
 0.03700
 0.81063
 0.68177
 0.53551
 0.40527
 0.24591
 0.29112
 0.34270
 0.83320
 0.19393
 0.39805
 0.04461
 0.25644
 0.38926
 0.26792
 0.19539
 0.02201
 0.22525
 0.56263
 0.32860
 0.04828
 0.52300
 0.57978
 0.10707
 0.19033
 0.57873
 0.09260
 0.29188
 0.30160
 0.88183
 0.14812
 0.20318
 0.48095
 0.24512
 0.65247
 0.26672
 0.02004
 0.54730
 0.06338
 0.42859
 0.26934
 0.24204
 0.35003
 0.22948
 0.11590
 0.68666
 0.50576
 0.08813
 0.22976
 0.61718
 0.56788
 0.22551
 0.64274
 0.06160
 0.64435
 0.05435
 0.26496
 0.17528
 0.14669
 0.79973
 0.10081
 0.57716
 0.74460
 0.31251
 0.02409
 0.58896
 0.51546
 0.56478
 0.08239
 0.80535
 0.85185
 0.19235
 0.42322
 0.14498
 0.22493
 0.60162
 0.15079
 0.05428
 0.08087
 0.71235
 0.14945
 0.15278
 0.34452
 0.50177
 0.01862
 0.00928
 0.36384
 0.54767
 0.32929
 0.43613
 0.69438
 0.65189
 0.10917
 0.21465
 0.06876
 0.38892
 0.26471
 0.11620
 0.22242
 0.26664
 0.00590
 0.14222
 0.73668
 0.52959
 0.03578
 0.21371
 0.23841
 0.75314
 0.08379
 0.24728
 0.28123
 0.22325
 0.52610
 0.22852
 0.96321
 0.25204
 0.34542
 0.38032
 0.87488
 0.18398
 0.49768
 0.32584
 0.57108
 0.53009
 0.48968
 0.11511
 0.34389
 0.28236
 0.25189
 0.63503
 0.65499
 0.24445
 0.19293
 0.04026
 0.03891
 0.34674
 0.27806
 0.49980
 0.19279
 0.28355
 0.60665
 0.42818
 0.68014
 0.58953
 0.46382
 0.68472
 0.63013
 0.00052
 0.57701
 0.30515
 0.28265
 0.20038
 0.54423
 0.02974
 0.18259
 0.18881
 0.15926
 0.51489
 0.08607
 0.76264
 0.43624
 0.12405
 0.85392
 0.13581
 0.40007
 0.61464
 0.07363
 0.46898
 0.81398
 0.70635
 0.17282
 0.70559
 0.26092
 0.45837
 0.53194
 0.13530
 0.81963
 0.14973
 0.42655
 0.60950
 0.23712
 0.31868
 0.55207
 0.28699
 0.33430
 0.33205
 0.12682
 0.11798
 0.31233
 0.31523
 0.18668
 0.04632
 0.40188
 0.29701
 0.20952
 0.42812
 0.04165
 0.44365
 0.46021
 0.71222
 0.56379
 0.67126
 0.24973
 0.43701
 0.50362
 0.34947
 0.39425
 0.30698
 0.55236
 0.60399
 0.23917
 0.61342
 0.31885
 0.80157
 0.05049
 0.12857
 0.10068
 0.21467
 0.18843
 0.17978
 0.29950
 0.57613
 0.23965
 0.38159
 0.28355
 0.42685
 0.26905
 0.70344
 0.27220
 0.06450
 0.35045
 0.74314
 0.25573
 0.62014
 0.14673
 0.09738
 0.28003
 0.41034
 0.30858
 0.14609
 0.72287
 0.00428
 0.55159
 0.50980
 0.02127
 0.46487
 0.38795
 0.41825
 0.34027
 0.18084
 0.37212
 0.83919
 0.55526
 0.43179
 0.09582
 0.02119
 0.70890
 0.63548
 0.74103
 0.27608
 0.62761
 0.10099
 0.22459
 0.20934
 0.13818
 0.24439
 0.47102
 0.14433
 0.44148
 0.55639
 0.25199
 0.21184
 0.18226
 0.25456
 0.81877
 0.83411
 0.37556
 0.59343
 0.11327
 0.11050
 0.30371
 0.62206
 0.28596
 0.28872
 0.43720
 0.63682
 0.15264
 0.40577
 0.80510
 0.14377
 0.41331
 0.91354
 0.42741
 0.79688
 0.15275
 0.29404
 0.50544
 0.09817
 0.48868
 0.18522
 0.31933
 0.44964
 0.14243
 0.00867
 0.30541
 0.40134
 0.35992
 0.09929
 0.14740
 0.64097
 0.26721
 0.63038
 0.35540
 0.32550
 0.23201
 0.13245
 0.04520
 0.46164
 0.00616
 0.14242
 0.23860
 0.58798
 0.72797
 0.69435
 0.60922
 0.63269
 0.37727
 0.55593
 0.35252
 0.50570
 0.00302
 0.66399
 0.35136
 0.34841
 0.59182
 0.61827
 0.38422
 0.15345
 0.21380
 0.71007
 0.04589
 0.16032
 0.89823
 0.58344
 0.06813
 0.85308
 0.43369
 0.14535
 0.25270
 0.32433
 0.61782
 0.09960
 0.26815
 0.14178
 0.01050
 0.18055
 0.19978
 0.46892
 0.45484
 0.19722
 0.58931
 0.60194
 0.47242
 0.14700
 0.23831
 0.41997
 0.07272
 0.20416
 0.13469
 0.49259
 0.61165
 0.14595
 0.06463
 0.69719
 0.41373
 0.58100
 0.00273
 0.20212
 0.45462
 0.37267
 0.37727
 0.37687
 0.10195
 0.46506
 0.19477
 0.20661
 0.18393
 0.13858
 0.84308
 0.27285
 0.36300
 0.90220
 0.06270
 0.46896
 0.38040
 0.43403
 0.45159
 0.68387
 0.08020
 0.15353
 0.76574
 0.38108
 0.83957
 0.46466
 0.34904
 0.69268
 0.06677
 0.38936
 0.49112
 0.72879
 0.19487
 0.34247
 0.06406
 0.16244
 0.30148
 0.01632
 0.24665
 0.11284
 0.67570
 0.48435
 0.13149
 0.42949
 0.78190
 0.07174
 0.26410
 0.07896
 0.31568
 0.59232
 0.51328
 0.20189
 0.03821
 0.34385
 0.22001
 0.34512
 0.06383
 0.08108
 0.34756
 0.50888
 0.35437
 0.19342
 0.32052
 0.68856
 0.00907
 0.22960
 0.10337
 0.80977
 0.54601
 0.02498
 0.02355
 0.00365
 0.38209
 0.09965
 0.19340
 0.53178
 0.76116
 0.37739
 0.33884
 0.42084
 0.58523
 0.91929
 0.49765
 0.64234
 0.18549
 0.27080
 0.53272
 0.00843
 0.04701
 0.30674
 0.54261
 0.68030
 0.22236
 0.29517
 0.54164
 0.18504
 0.28921
 0.25357
 0.63877
 0.35251
 0.79185
 0.15969
 0.20071
 0.24366
 0.29431
 0.38077
 0.52460
 0.59124
 0.73657
 0.56314
 0.75258
 0.13577
 0.30827
 0.37483
 0.30617
 0.28379
 0.48867
 0.71910
 0.68891
 0.19253
 0.09985
 0.32736
 0.20437
 0.89321
 0.03428
 0.06246
 0.51107
 0.16278
 0.51952
 0.71499
 0.29557
 0.62644
 0.31749
 0.71029
 0.72433
 0.29584
 0.15693
 0.25532
 0.44981
 0.66314
 0.14352
 0.28949
 0.00124
 0.59793
 0.63426
 0.01456
 0.21632
 0.12943
 0.55999
 0.10276
 0.59617
 0.62130
 0.05752
 0.47062
 0.70498
 0.04097
 0.10474
 0.63438
 0.19537
 0.67313
 0.01108
 0.49831
 0.08925
 0.64447
 0.73626
 0.81270
 0.35338
 0.63903
 0.40597
 0.49849
 0.30750
 0.03853
 0.33619
 0.15555
 0.45870
 0.51369
 0.26593
 0.17693
 0.39020
 0.57997
 0.21927
 0.05754
 0.21148
 0.57013
 0.18158
 0.40686
 0.12566
 0.79678
 0.38216
 0.10043
 0.03185
 0.14961
 0.29853
 0.29601
 0.32421
 0.33759
 0.83287
 0.28679
 0.12147
 0.59550
 0.86009
 0.14137
 0.06364
 0.47668
 0.07598
 0.57547
 0.65612
 0.29564
 0.24062
 0.01488
 0.31735
 0.72782
 0.51244
 0.72814
 0.10641
 0.41321
 0.60735
 0.58337
 0.25344
 0.01079
 0.02267
 0.48121
 0.32780
 0.07281
 0.58941
 0.87026
 0.14502
 0.35008
 0.63170
 0.22204
 0.67873
 0.70918
 0.32903
 0.01654
 0.81347
 0.37216
 0.44748
 0.30707
 0.84273
 0.48815
 0.85784
 0.18798
 0.58474
 0.70180
 0.51353
 0.66964
 0.64930
 0.46416
 0.00881
 0.00262
 0.22218
 0.24268
 0.10138
 0.09765
 0.00583
 0.09078
 0.29812
 0.68914
 0.77645
 0.14296
 0.45323
 0.05399
 0.44325
 0.41622
 0.51251
 0.54406
 0.03930
 0.09185
 0.00771
 0.88525
 0.02084
 0.32821
 0.32814
 0.09014
 0.27872
 0.48402
 0.37000
 0.14024
 0.56945
 0.04014
 0.78249
 0.90889
 0.36297
 0.54395
 0.52611
 0.13110
 0.14677
 0.55971
 0.53717
 0.21067
 0.03977
 0.30773
 0.15420
 0.42839
 0.54280
 0.75698
 0.51325
 0.13825
 0.33334
 0.29862
 0.32375
 0.04862
 0.30167
 0.57096
 0.00947
 0.04982
 0.50814
 0.03563
 0.42879
 0.29925
 0.57183
 0.73294
 0.17333
 0.69002
 0.35852
 0.34620
 0.36185
 0.03743
 0.16798
 0.34654
 0.44921
 0.87189
 0.07290
 0.07614
 0.05393
 0.05632
 0.25203
 0.28241
 0.57979
 0.82909
 0.64170
 0.34935
 0.83370
 0.74168
 0.00769
 0.31284
 0.50484
 0.04032
 0.46790
 0.15827
 0.38767
 0.64974
 0.53457
 0.11553
 0.76152
 0.60572
 0.09326
 0.19801
 0.14204
 0.02854
 0.47773
 0.04171
 0.55556
 0.52041
 0.32705
 0.65036
 0.14491
 0.51338
 0.27206
 0.21904
 0.09862
 0.03465
 0.33110
 0.28939
 0.32221
 0.73582
 0.13165
 0.02385
 0.09384
 0.06563
 0.11774
 0.76864
 0.53873
 0.40845
 0.00051
 0.05273
 0.22177
 0.14605
 0.04763
 0.42688
 0.45889
 0.49095
 0.39922
 0.20469
 0.65831
 0.45699
 0.53391
 0.38305
 0.23177
 0.56360
 0.76161
 0.04643
 0.52293
 0.88433
 0.21973
 0.08509
 0.28730
 0.22567
 0.42397
 0.19838
 0.32828
 0.59554
 0.41000
 0.41449
 0.41020
 0.19446
 0.40990
 0.26454
 0.55235
 0.75282
 0.39065
 0.97011
 0.55439
 0.26123
 0.53598
 0.23443
 0.55097
 0.33905
 0.51410
 0.53609
 0.08919
 0.19351
 0.27246
 0.12788
 0.57068
 0.32232
 0.67499
 0.41745
 0.68298
 0.48133
 0.11972
 0.03039
 0.38274
 0.23739
 0.48681
 0.19526
 0.51549
 0.50834
 0.85296
 0.38221
 0.32351
 0.49361
 0.47736
 0.22984
 0.24437
 0.76233
 0.13705
 0.15080
 0.23442
 0.87559
 0.60299
 0.29640
 0.72006
 0.31219
 0.47425
 0.55444
 0.30111
 0.23854
 0.15269
 0.29639
 0.38040
 0.48005
 0.12754
 0.38324
 0.06629
 0.24684
 0.05454
 0.08398
 0.75905
 0.39561
 0.60776
 0.13553
 0.20905
 0.16704
 0.73034
 0.08827
 0.49234
 0.64130
 0.58862
 0.12724
 0.25395
 0.61961
 0.08310
 0.51696
 0.70341
 0.09076
 0.95418
 0.22340
 0.69896
 0.29673
 0.22731
 0.14876
 0.56343
 0.48426
 0.66365
 0.06004
 0.20183
 0.31416
 0.31111
 0.76938
 0.42856
 0.21722
 0.04053
 0.69360
 0.32731
 0.45696
 0.67123
 0.72143
 0.60335
 0.33247
 0.60903
 0.01965
 0.29732
 0.66679
 0.62807
 0.75604
 0.00279
 0.46154
 0.42965
 0.69857
 0.03595
 0.31399
 0.45745
 0.73518
 0.88215
 0.17877
 0.92869
 0.01803
 0.69762
 0.28349
 0.02813
 0.21599
 0.24413
 0.61985
 0.63890
 0.07581
 0.40700
 0.62434
 0.48086
 0.83658
 0.35317
 0.62781
 0.32954
 0.28254
 0.68842
 0.55744
 0.03348
 0.01030
 0.22193
 0.49952
 0.12454
 0.56040
 0.37575
 0.56148
 0.30447
 0.79894
 0.23494
 0.47751
 0.42158
 0.48063
 0.79758
 0.37914
 0.05806
 0.17514
 0.02989
 0.42119
 0.65384
 0.76867
 0.74343
 0.21769
 0.10169
 0.02664
 0.60179
 0.66976
 0.03369
 0.44857
 0.08840
 0.74393
 0.61252
 0.18216
 0.45515
 0.00267
 0.32968
 0.55735
 0.43165
 0.30956
 0.17328
 0.22595
 0.10913
 0.55991
 0.35859
 0.28775
 0.09928
 0.25653
 0.24492
 0.06671
 0.18628
 0.12422
 0.08259
 0.34565
 0.18958
 0.59176
 0.87747
 0.13281
 0.88060
 0.23320
 0.01471
 0.04767
 0.27844
 0.40779
 0.17791
 0.89199
 0.64391
 0.11522
 0.31818
 0.45846
 0.67368
 0.73833
 0.64127
 0.55872
 0.01722
 0.27552
 0.20525
 0.25768
 0.42818
 0.81561
 0.48051
 0.51009
 0.25075
 0.22560
 0.75560
 0.25735
 0.81224
 0.20784
 0.17874
 0.10076
 0.89407
 0.73948
 0.45911
 0.65209
 0.13651
 0.08868
 0.48679
 0.28972
 0.51261
 0.50873
 0.33232
 0.13812
 0.75300
 0.13841
 0.28492
 0.33417
 0.08402
 0.23818
 0.51033
 0.01828
 0.12772
 0.09422
 0.68385
 0.42180
 0.15039
 0.37900
 0.23254
 0.33560
 0.75202
 0.85285
 0.15812
 0.75657
 0.03522
 0.59847
 0.67933
 0.52599
 0.47171
 0.29105
 0.14965
 0.18424
 0.63824
 0.03126
 0.29539
 0.63731
 0.38346
 0.63363
 0.57618
 0.57217
 0.27695
 0.26290
 0.55008
 0.06673
 0.34573
 0.68066
 0.17339
 0.60737
 0.07287
 0.17966
 0.45190
 0.70955
 0.75227
 0.48803
 0.60833
 0.93910
 0.31182
 0.52053
 0.03773
 0.19310
 0.03894
 0.08238
 0.01941
 0.04445
 0.34980
 0.29040
 0.69338
 0.25927
 0.50253
 0.46309
 0.65199
 0.58252
 0.17172
 0.49677
 0.02396
 0.01353
 0.47113
 0.36136
 0.06879
 0.68299
 0.46681
 0.32320
 0.25770
 0.27708
 0.52405
 0.73524
 0.64551
 0.49915
 0.24413
 0.69024
 0.79484
 0.47142
 0.64261
 0.65736
 0.02216
 0.38343
 0.52285
 0.54982
 0.64275
 0.49115
 0.67367
 0.57818
 0.37177
 0.04656
 0.56958
 0.32855
 0.17022
 0.53295
 0.27431
 0.21945
 0.22486
 0.37802
 0.44704
 0.01554
 0.00571
 0.63016
 0.08016
 0.25167
 0.36975
 0.08310
 0.49282
 0.31059
 0.59893
 0.02723
 0.02665
 0.08377
 0.31306
 0.11770
 0.47242
 0.31793
 0.50342
 0.29250
 0.16379
 0.46256
 0.04798
 0.59409
 0.72786
 0.42562
 0.59980
 0.30990
 0.18223
 0.18023
 0.02911
 0.14231
 0.05621
 0.04000
 0.40371
 0.41731
 0.08489
 0.63164
 0.29405
 0.23439
 0.28159
 0.07075
 0.89094
 0.63506
 0.33405
 0.29699
 0.65653
 0.12077
 0.13699
 0.66152
 0.68186
 0.88515
 0.42708
 0.49929
 0.33504
 0.12010
 0.12532
 0.22609
 0.17906
 0.07296
 0.04974
 0.80918
 0.09293
 0.74441
 0.36268
 0.02760
 0.32639
 0.43463
 0.07934
 0.30686
 0.61464
 0.54423
 0.78315
 0.14889
 0.01395
 0.20035
 0.59201
 0.10690
 0.40513
 0.12556
 0.63855
 0.38688
 0.34131
 0.21585
 0.24972
 0.58032
 0.56543
 0.27979
 0.03483
 0.47014
 0.03184
 0.42991
 0.57394
 0.84739
 0.72109
 0.30743
 0.04126
 0.75445
 0.16772
 0.25345
 0.37471
 0.65384
 0.57682
 0.66250
 0.24709
 0.46786
 0.54615
 0.64470
 0.08816
 0.09906
 0.03601
 0.57549
 0.13852
 0.02575
 0.22737
 0.69487
 0.17826
 0.51936
 0.07417
 0.16021
 0.65724
 0.28414
 0.78890
 0.51933
 0.27103
 0.77703
 0.48007
 0.88107
 0.25893
 0.14656
 0.52755
 0.38864
 0.60704
 0.90396
 0.06946
 0.63927
 0.03947
 0.67718
 0.00390
 0.79861
 0.22550
 0.42718
 0.39680
 0.25075
 0.92051
 0.46332
 0.47972
 0.01322
 0.48791
 0.69523
 0.07030
 0.08996
 0.52541
 0.40735
 0.20883
 0.07823
 0.73180
 0.15642
 0.02324
 0.26120
 0.75217
 0.35157
 0.27015
 0.11141
 0.05119
 0.83624
 0.36804
 0.54848
 0.58111
 0.09030
 0.34201
 0.48214
 0.07115
 0.44935
 0.19011
 0.37458
 0.30175
 0.64508
 0.41519
 0.39984
 0.01262
 0.77977
 0.21961
 0.05794
 0.78465
 0.53598
 0.03662
 0.62974
 0.61273
 0.11386
 0.18270
 0.54391
 0.28287
 0.11764
 0.39863
 0.30272
 0.34420
 0.08771
 0.18937
 0.46917
 0.63290
 0.69276
 0.57374
 0.60833
 0.40395
 0.41584
 0.43140
 0.19436
 0.34992
 0.54469
 0.23620
 0.45572
 0.78929
 0.42871
 0.56303
 0.02145
 0.23186
 0.21790
 0.01362
 0.02548
 0.78109
 0.74189
 0.69752
 0.05728
 0.68064
 0.19953
 0.25104
 0.31005
 0.60296
 0.53835
 0.22240
 0.18289
 0.39993
 0.06091
 0.73679
 0.16311
 0.36246
 0.40157
 0.25012
 0.23225
 0.65539
 0.52033
 0.31140
 0.37976
 0.60255
 0.03267
 0.77073
 0.56935
 0.43490
 0.00493
 0.30542
 0.83891
 0.68069
 0.32445
 0.05843
 0.32239
 0.44119
 0.77639
 0.13729
 0.49297
 0.82931
 0.28977
 0.01226
 0.48010
 0.47520
 0.81748
 0.41520
 0.21161
 0.29312
 0.14698
 0.15856
 0.17859
 0.83818
 0.63216
 0.11471
 0.51496
 0.70069
 0.29744
 0.55678
 0.49851
 0.52545
 0.03022
 0.40746
 0.20889
 0.26089
 0.36264
 0.19715
 0.06458
 0.16136
 0.23973
 0.41953
 0.13238
 0.01133
 0.23394
 0.23094
 0.07278
 0.12228
 0.22225
 0.38874
 0.13127
 0.33577
 0.29592
 0.42127
 0.22343
 0.38270
 0.59850
 0.40768
 0.09220
 0.07159
 0.32198
 0.34082
 0.52881
 0.03090
 0.75371
 0.85819
 0.13389
 0.04149
 0.34949
 0.38614
 0.15895
 0.69436
 0.00745
 0.22670
 0.37465
 0.57167
 0.06872
 0.37117
 0.55455
 0.67585
 0.35888
 0.06595
 0.57211
 0.01471
 0.25984
 0.12905
 0.81583
 0.10665
 0.36041
 0.64627
 0.36360
 0.41243
 0.07496
 0.45423
 0.60164
 0.14605
 0.58284
 0.05525
 0.07342
 0.10998
 0.08138
 0.65806
 0.88397
 0.64798
 0.71591
 0.19993
 0.50154
 0.17180
 0.73470
 0.33211
 0.02076
 0.61496
 0.59053
 0.03291
 0.47325
 0.10473
 0.76646
 0.74711
 0.33908
 0.15993
 0.34084
 0.35881
 0.41456
 0.06758
 0.41760
 0.52881
 0.20750
 0.46516
 0.13925
 0.49172
 0.12213
 0.65340
 0.35165
 0.15813
 0.24226
 0.18750
 0.27290
 0.45487
 0.34537
 0.00267
 0.07267
 0.09135
 0.04346
 0.43274
 0.70093
 0.32629
 0.13363
 0.61050
 0.29353
 0.09091
 0.26118
 0.14706
 0.05536
 0.34259
 0.07743
 0.71681
 0.03915
 0.04184
 0.21474
 0.53791
 0.20310
 0.39893
 0.03559
 0.70424
 0.12085
 0.12864
 0.04141
 0.24034
 0.39660
 0.01071
 0.54327
 0.07548
 0.48165
 0.29932
 0.54672
 0.24695
 0.01131
 0.55350
 0.79444
 0.19070
 0.09678
 0.81333
 0.05279
 0.07466
 0.76602
 0.70654
 0.88629
 0.60287
 0.31352
 0.69211
 0.14431
 0.13740
 0.59629
 0.47488
 0.47696
 0.08854
 0.37373
 0.28479
 0.20309
 0.58854
 0.35554
 0.09383
 0.65565
 0.15853
 0.08337
 0.73348
 0.28740
 0.02018
 0.85388
 0.12235
 0.17831
 0.06885
 0.69169
 0.40121
 0.50410
 0.47732
 0.28514
 0.77471
 0.03335
 0.06717
 0.15430
 0.74128
 0.13559
 0.13767
 0.54050
 0.32906
 0.64929
 0.00995
 0.13650
 0.45788
 0.62653
 0.63343
 0.29849
 0.20927
 0.06938
 0.09989
 0.32266
 0.00543
 0.39477
 0.14158
 0.28909
 0.41781
 0.00323
 0.40938
 0.75901
 0.09055
 0.60287
 0.00516
 0.66502
 0.69184
 0.87458
 0.70115
 0.15375
 0.72668
 0.47520
 0.19622
 0.04293
 0.26465
 0.03691
 0.41031
 0.89715
 0.45214
 0.33347
 0.14107
 0.05252
 0.63979
 0.60714
 0.96269
 0.24157
 0.19983
 0.19842
 0.46746
 0.22108
 0.35211
 0.36273
 0.10008
 0.09555
 0.02418
 0.11511
 0.43701
 0.46216
 0.26990
 0.12625
 0.41608
 0.06450
 0.35821
 0.67113
 0.75489
 0.22417
 0.20665
 0.05824
 0.79291
 0.35498
 0.53261
 0.33263
 0.20572
 0.90814
 0.11881
 0.66780
 0.15054
 0.49962
 0.35154
 0.84289
 0.22351
 0.42427
 0.19365
 0.20852
 0.46385
 0.25356
 0.04396
 0.00219
 0.04895
 0.86985
 0.06399
 0.14748
 0.37047
 0.20007
 0.15729
 0.61835
 0.62990
 0.36603
 0.40545
 0.56644
 0.28675
 0.48209
 0.14018
 0.04982
 0.21855
 0.21967
 0.21027
 0.16188
 0.58950
 0.72851
 0.19978
 0.56107
 0.75732
 0.42588
 0.12093
 0.02490
 0.30286
 0.22084
 0.15991
 0.50565
 0.31492
 0.24792
 0.43548
 0.00661
 0.14736
 0.56671
 0.57175
 0.45174
 0.53439
 0.05926
 0.05914
 0.18576
 0.36839
 0.68303
 0.02230
 0.09321
 0.81073
 0.23552
 0.72907
 0.34042
 0.01351
 0.55872
 0.02466
 0.67057
 0.72710
 0.34978
 0.34681
 0.54424
 0.29771
 0.58853
 0.50500
 0.52802
 0.16273
 0.10349
 0.22863
 0.29010
 0.29135
 0.61238
 0.30221
 0.36193
 0.55855
 0.73472
 0.45205
 0.46038
 0.70728
 0.23677
 0.59947
 0.32224
 0.33699
 0.42659
 0.32607
 0.29597
 0.52212
 0.29620
 0.45483
 0.38381
 0.00838
 0.18103
 0.03247
 0.02709
 0.23402
 0.17152
 0.00092
 0.55088
 0.12003
 0.37596
 0.06044
 0.04373
 0.14692
 0.36059
 0.05372
 0.08929
 0.14348
 0.44348
 0.38875
 0.10430
 0.47361
 0.52124
 0.36104
 0.31036
 0.55815
 0.71670
 0.66939
 0.13975
 0.42961
 0.46244
 0.38616
 0.60427
 0.27600
 0.53838
 0.06991
 0.04412
 0.74087
 0.35902
 0.30624
 0.69826
 0.13729
 0.58772
 0.32108
 0.48075
 0.53898
 0.41948
 0.65087
 0.28133
 0.19600
 0.44993
 0.10486
 0.03379
 0.24581
 0.01642
 0.20714
 0.59263
 0.07490
 0.22685
 0.14152
 0.15265
 0.63880
 0.39677
 0.06016
 0.11931
 0.50212
 0.76855
 0.23645
 0.34821
 0.47514
 0.46904
 0.54982
 0.21524
 0.38074
 0.88308
 0.66339
 0.85842
 0.12649
 0.16285
 0.23549
 0.13936
 0.53655
 0.19329
 0.59066
 0.19147
 0.21741
 0.78006
 0.18966
 0.10554
 0.65471
 0.29850
 0.11589
 0.12291
 0.47641
 0.06327
 0.13402
 0.49119
 0.47426
 0.00508
 0.52571
 0.44670
 0.64090
 0.48527
 0.18150
 0.03734
 0.45881
 0.43245
 0.02514
 0.13902
 0.02003
 0.15546
 0.69545
 0.23972
 0.10615
 0.21066
 0.05494
 0.32366
 0.05473
 0.22712
 0.33885
 0.16382
 0.56895
 0.03184
 0.53531
 0.64561
 0.11089
 0.27490
 0.59465
 0.33891
 0.21146
 0.08907
 0.45047
 0.42752
 0.16730
 0.00247
 0.39075
 0.38685
 0.00637
 0.47693
 0.23645
 0.28142
 0.46572
 0.01103
 0.17174
 0.57022
 0.60614
 0.11219
 0.16930
 0.33604
 0.57957
 0.35669
 0.65845
 0.13587
 0.57609
 0.76045
 0.41851
 0.17322
 0.60977
 0.28247
 0.51454
 0.32188
 0.78364
 0.09482
 0.70823
 0.09754
 0.42562
 0.13575
 0.13783
 0.27671
 0.50023
 0.12621
 0.03032
 0.59630
 0.50685
 0.81260
 0.11521
 0.12970
 0.01611
 0.78538
 0.01497
 0.53654
 0.04830
 0.43356
 0.40204
 0.35931
 0.16798
 0.07839
 0.41408
 0.14346
 0.71337
 0.43621
 0.37978
 0.68690
 0.52117
 0.26458
 0.22023
 0.17019
 0.08070
 0.03903
 0.03389
 0.22447
 0.06915
 0.40952
 0.45639
 0.40300
 0.10811
 0.30237
 0.22741
 0.24996
 0.43892
 0.31188
 0.04963
 0.06595
 0.03522
 0.03246
 0.18533
 0.06156
 0.17728
 0.19805
 0.33537
 0.31983
 0.22347
 0.01700
 0.49096
 0.46442
 0.80798
 0.52185
 0.58802
 0.74910
 0.43041
 0.71241
 0.67643
 0.15661
 0.01198
 0.54384
 0.17569
 0.14321
 0.74760
 0.77603
 0.51561
 0.39971
 0.30784
 0.24072
 0.28374
 0.78585
 0.61862
 0.00427
 0.02267
 0.61088
 0.57365
 0.14320
 0.50697
 0.59606
 0.32858
 0.30537
 0.23483
 0.18304
 0.75834
 0.17180
 0.71744
 0.78251
 0.04975
 0.49585
 0.38478
 0.27595
 0.59951
 0.61031
 0.35657
 0.35133
 0.31397
 0.64889
 0.91750
 0.32474
 0.07955
 0.63740
 0.38001
 0.58311
 0.24304
 0.65371
 0.41220
 0.21039
 0.35105
 0.74200
 0.25560
 0.76147
 0.51230
 0.36618
 0.54686
 0.49203
 0.41529
 0.56630
 0.23056
 0.47088
 0.20295
 0.00844
 0.73610
 0.08977
 0.38763
 0.39876
 0.60775
 0.28533
 0.38083
 0.05046
 0.67129
 0.42569
 0.52426
 0.23598
 0.02685
 0.08510
 0.12525
 0.33714
 0.02995
 0.79108
 0.58244
 0.12568
 0.02477
 0.01089
 0.81772
 0.15047
 0.13012
 0.66752
 0.12469
 0.00859
 0.74694
 0.06748
 0.41342
 0.33393
 0.55934
 0.15862
 0.72606
 0.35035
 0.34361
 0.03025
 0.77994
 0.56895
 0.74679
 0.51787
 0.27723
 0.24568
 0.34670
 0.17797
 0.47220
 0.38680
 0.52742
 0.08060
 0.28082
 0.56313
 0.42113
 0.36895
 0.23467
 0.53018
 0.73878
 0.21602
 0.09373
 0.65536
 0.28363
 0.18389
 0.65303
 0.10147
 0.58439
 0.13495
 0.26622
 0.65453
 0.64810
 0.47044
 0.63226
 0.13048
 0.05609
 0.37480
 0.32304
 0.56162
 0.35174
 0.54503
 0.78391
 0.08574
 0.50195
 0.62989
 0.09360
 0.18687
 0.36115
 0.20480
 0.22397
 0.17815
 0.21192
 0.70613
 0.21148
 0.16916
 0.73963
 0.15720
 0.09318
 0.53354
 0.46334
 0.40232
 0.07260
 0.27055
 0.47367
 0.41219
 0.50107
 0.48311
 0.51417
 0.70395
 0.56613
 0.37528
 0.11268
 0.22918
 0.48865
 0.65832
 0.30192
 0.18541
 0.16628
 0.44484
 0.06102
 0.14789
 0.29652
 0.12223
 0.04418
 0.12054
 0.58248
 0.47333
 0.59593
 0.29764
 0.03205
 0.87488
 0.29669
 0.57341
 0.88747
 0.14657
 0.63869
 0.17111
 0.59468
 0.71904
 0.26796
 0.87160
 0.17513
 0.29879
 0.04901
 0.10966
 0.00209
 0.10268
 0.21448
 0.65909
 0.44377
 0.21259
 0.06536
 0.38058
 0.79263
 0.69456
 0.37147
 0.10165
 0.10528
 0.54999
 0.49634
 0.10318
 0.24783
 0.53934
 0.50418
 0.77965
 0.07693
 0.17379
 0.13845
 0.35525
 0.62194
 0.62691
 0.62319
 0.14509
 0.21048
 0.80331
 0.06390
 0.12124
 0.40753
 0.09296
 0.28990
 0.00602
 0.03282
 0.75855
 0.32042
 0.00774
 0.54432
 0.34826
 0.46748
 0.40018
 0.81657
 0.27165
 0.52118
 0.33640
 0.45142
 0.58205
 0.40316
 0.33046
 0.02268
 0.10359
 0.47746
 0.16226
 0.01286
 0.18052
 0.25389
 0.19180
 0.73812
 0.10748
 0.75322
 0.28742
 0.27554
 0.60058
 0.34809
 0.63597
 0.10327
 0.24870
 0.46684
 0.54428
 0.12065
 0.57839
 0.62896
 0.42731
 0.47160
 0.00863
 0.33105
 0.85917
 0.03272
 0.57401
 0.25164
 0.38225
 0.51461
 0.16491
 0.42285
 0.89239
 0.61700
 0.31171
 0.15915
 0.26281
 0.25482
 0.40042
 0.65810
 0.32684
 0.23751
 0.94825
 0.74184
 0.72411
 0.90482
 0.27283
 0.54090
 0.38564
 0.27172
 0.82629
 0.12783
 0.25638
 0.63454
 0.06355
 0.31908
 0.45669
 0.76151
 0.59818
 0.80308
 0.33631
 0.00299
 0.30714
 0.93708
 0.02942
 0.78219
 0.25722
 0.58707
 0.19467
 0.10774
 0.41869
 0.39952
 0.80755
 0.71488
 0.44365
 0.25567
 0.69633
 0.19122
 0.04652
 0.34312
 0.40139
 0.05844
 0.41231
 0.55328
 0.28455
 0.41079
 0.12534
 0.31386
 0.65322
 0.76830
 0.12931
 0.48747
 0.73280
 0.60189
 0.53472
 0.25039
 0.07713
 0.55510
 0.22476
 0.27966
 0.08639
 0.49283
 0.68979
 0.44624
 0.38825
 0.42027
 0.13918
 0.82864
 0.01967
 0.42452
 0.73711
 0.08952
 0.62605
 0.51980
 0.29908
 0.03912
 0.67986
 0.38726
 0.43399
 0.40265
 0.09475
 0.13175
 0.05627
 0.04018
 0.68996
 0.30302
 0.55240
 0.60541
 0.39583
 0.81313
 0.77028
 0.25155
 0.20012
 0.03811
 0.17255
 0.06234
 0.96221
 0.39427
 0.42677
 0.32222
 0.35245
 0.44580
 0.38642
 0.78808
 0.49430
 0.21914
 0.30846
 0.55919
 0.60806
 0.53496
 0.73012
 0.17660
 0.74749
 0.41052
 0.72035
 0.75023
 0.04345
 0.72696
 0.46664
 0.25032
 0.68733
 0.22805
 0.18998
 0.70502
 0.46626
 0.12473
 0.47288
 0.06307
 0.59709
 0.52420
 0.11828
 0.45594
 0.08252
 0.04867
 0.48451
 0.52073
 0.37087
 0.41304
 0.15839
 0.66602
 0.90744
 0.76444
 0.13112
 0.19229
 0.95421
 0.10018
 0.13282
 0.14621
 0.19975
 0.13330
 0.48327
 0.74288
 0.57301
 0.28736
 0.07790
 0.47653
 0.50830
 0.03330
 0.39087
 0.63304
 0.20707
 0.63463
 0.84950
 0.06346
 0.06856
 0.07524
 0.69333
 0.01384
 0.48412
 0.72381
 0.09108
 0.20472
 0.03543
 0.27486
 0.47818
 0.38389
 0.47799
 0.30187
 0.51729
 0.29262
 0.73176
 0.75468
 0.21702
 0.42775
 0.01475
 0.64677
 0.60924
 0.23033
 0.19729
 0.73970
 0.22109
 0.15973
 0.48242
 0.14902
 0.18053
 0.42165
 0.08362
 0.69025
 0.12698
 0.25435
 0.77788
 0.12743
 0.44539
 0.20207
 0.04987
 0.91954
 0.02727
 0.53085
 0.18290
 0.10570
 0.72164
 0.20446
 0.00825
 0.43759
 0.32734
 0.04219
 0.33280
 0.11909
 0.57623
 0.09441
 0.10071
 0.42508
 0.11503
 0.11095
 0.28330
 0.43436
 0.43660
 0.31537
 0.10530
 0.32381
 0.16871
 0.04389
 0.54890
 0.51484
 0.18649
 0.52500
 0.10407
 0.41862
 0.26907
 0.18530
 0.21806
 0.14244
 0.21987
 0.35808
 0.28462
 0.73923
 0.06424
 0.34313
 0.27461
 0.63078
 0.13971
 0.47343
 0.59755
 0.17011
 0.09552
 0.37944
 0.00039
 0.38859
 0.68792
 0.76491
 0.41545
 0.24363
 0.29898
 0.39397
 0.02568
 0.47704
 0.39112
 0.04556
 0.53846
 0.04995
 0.12138
 0.42761
 0.53033
 0.29055
 0.38189
 0.14517
 0.28980
 0.35203
 0.04127
 0.12188
 0.23155
 0.60836
 0.66374
 0.89757
 0.06113
 0.23938
 0.55929
 0.43241
 0.60571
 0.18726
 0.44551
 0.12855
 0.57229
 0.04700
 0.61196
 0.45773
 0.56750
 0.12477
 0.20397
 0.70684
 0.20585
 0.16905
 0.27040
 0.81831
 0.64833
 0.00413
 0.16204
 0.11800
 0.00994
 0.73510
 0.63616
 0.83156
 0.06515
 0.30738
 0.47612
 0.61001
 0.58730
 0.17295
 0.13751
 0.41295
 0.48657
 0.60164
 0.12790
 0.40936
 0.64892
 0.06080
 0.57117
 0.19221
 0.12218
 0.09272
 0.20956
 0.41883
 0.39071
 0.54624
 0.44922
 0.89103
 0.26584
 0.15068
 0.45827
 0.24528
 0.47492
 0.32164
 0.22493
 0.09547
 0.32389
 0.20491
 0.26003
 0.50379
 0.24825
 0.56297
 0.07257
 0.32832
 0.45442
 0.60149
 0.01691
 0.70014
 0.18874
 0.00904
 0.19684
 0.02507
 0.56620
 0.03887
 0.09101
 0.15092
 0.37679
 0.40765
 0.57751
 0.12971
 0.67416
 0.41316
 0.21695
 0.67522
 0.17597
 0.74031
 0.13705
 0.34190
 0.37209
 0.45912
 0.11513
 0.32716
 0.20405
 0.48879
 0.18621
 0.30602
 0.33101
 0.22077
 0.11917
 0.00794
 0.23883
 0.28334
 0.01050
 0.91700
 0.55762
 0.71086
 0.13570
 0.26380
 0.35709
 0.49628
 0.95884
 0.63375
 0.45834
 0.10210
 0.27155
 0.29682
 0.04558
 0.33825
 0.36977
 0.12197
 0.13796
 0.40862
 0.18180
 0.28846
 0.25525
 0.35433
 0.25178
 0.53254
 0.66604
 0.63398
 0.87258
 0.21312
 0.30331
 0.31478
 0.85290
 0.70658
 0.24549
 0.18098
 0.65736
 0.12457
 0.41441
 0.30671
 0.38644
 0.19514
 0.49968
 0.55163
 0.73671
 0.23822
 0.52567
 0.02580
 0.14517
 0.35685
 0.79612
 0.10419
 0.66256
 0.75997
 0.64980
 0.91085
 0.12837
 0.50743
 0.57652
 0.19478
 0.47706
 0.14552
 0.17149
 0.66902
 0.24020
 0.01714
 0.35376
 0.05399
 0.35882
 0.25751
 0.07892
 0.75011
 0.23133
 0.21576
 0.21735
 0.18571
 0.38098
 0.25291
 0.18823
 0.28295
 0.12419
 0.19808
 0.32151
 0.27915
 0.20548
 0.68041
 0.02763
 0.48395
 0.67500
 0.61893
 0.63586
 0.49533
 0.09840
 0.46770
 0.18401
 0.36199
 0.00250
 0.64622
 0.31598
 0.18037
 0.29343
 0.33929
 0.27508
 0.09832
 0.64874
 0.17435
 0.48294
 0.24826
 0.51466
 0.12793
 0.02525
 0.12758
 0.65712
 0.61713
 0.76964
 0.66574
 0.53497
 0.16815
 0.80961
 0.05852
 0.97720
 0.38128
 0.34218
 0.13709
 0.34185
 0.10450
 0.12784
 0.19119
 0.15651
 0.66708
 0.34598
 0.13759
 0.57535
 0.59674
 0.14419
 0.24151
 0.91177
 0.08733
 0.02368
 0.42085
 0.21217
 0.24542
 0.13130
 0.31786
 0.13056
 0.01610
 0.05964
 0.64335
 0.34697
 0.51633
 0.65034
 0.41806
 0.08473
 0.03552
 0.72121
 0.16048
 0.09597
 0.19224
 0.46290
 0.33743
 0.60738
 0.22522
 0.19222
 0.10391
 0.03327
 0.34653
 0.02532
 0.41728
 0.67822
 0.05593
 0.58901
 0.87264
 0.37615
 0.25967
 0.33746
 0.18756
 0.29447
 0.06708
 0.14744
 0.35741
 0.91539
 0.29215
 0.28559
 0.16549
 0.39748
 0.20807
 0.03838
 0.24506
 0.36126
 0.42289
 0.03562
 0.32789
 0.67037
 0.09145
 0.22824
 0.17667
 0.48217
 0.34869
 0.25972
 0.21824
 0.34621
 0.73520
 0.37619
 0.03158
 0.93430
 0.01699
 0.57991
 0.46804
 0.19176
 0.68822
 0.74193
 0.71116
 0.27258
 0.54717
 0.16399
 0.07701
 0.05839
 0.51283
 0.22749
 0.62450
 0.03337
 0.10005
 0.63612
 0.18697
 0.16172
 0.19633
 0.43085
 0.19708
 0.28218
 0.15452
 0.19076
 0.89937
 0.01666
 0.15163
 0.01208
 0.07059
 0.40855
 0.27626
 0.01303
 0.05629
 0.20934
 0.44177
 0.17340
 0.59655
 0.02005
 0.78848
 0.19081
 0.01736
 0.46825
 0.71292
 0.60747
 0.61922
 0.03318
 0.92853
 0.43785
 0.29802
 0.57914
 0.22877
 0.94853
 0.35090
 0.17031
 0.53517
 0.44727
 0.07306
 0.57740
 0.48953
 0.50727
 0.00524
 0.01619
 0.73890
 0.37422
 0.42079
 0.53279
 0.25362
 0.65144
 0.51243
 0.43240
 0.13339
 0.07010
 0.67222
 0.06945
 0.46285
 0.18367
 0.04974
 0.33118
 0.36234
 0.87173
 0.07997
 0.48504
 0.39423
 0.77479
 0.21877
 0.09163
 0.00519
 0.31784
 0.03835
 0.66319
 0.60525
 0.62070
 0.35264
 0.41094
 0.51192
 0.16095
 0.19381
 0.01389
 0.93260
 0.16915
 0.34039
 0.37433
 0.37956
 0.43999
 0.15959
 0.69772
 0.24327
 0.08230
 0.21151
 0.25823
 0.77999
 0.10340
 0.34128
 0.73704
 0.06262
 0.41375
 0.44389
 0.55365
 0.55140
 0.80550
 0.37166
 0.87531
 0.52007
 0.50515
 0.84873
 0.58196
 0.48501
 0.37800
 0.05857
 0.24691
 0.03048
 0.30362
 0.11459
 0.10326
 0.23170
 0.08330
 0.19413
 0.47888
 0.35831
 0.40874
 0.29985
 0.12450
 0.56832
 0.65877
 0.33297
 0.35915
 0.48613
 0.25872
 0.37930
 0.32785
 0.36493
 0.12673
 0.51226
 0.17319
 0.46281
 0.42170
 0.11283
 0.31297
 0.21117
 0.03874
 0.57650
 0.84604
 0.45518
 0.36945
 0.03952
 0.65630
 0.03827
 0.01737
 0.45071
 0.52591
 0.54267
 0.59331
 0.03482
 0.12738
 0.28275
 0.12647
 0.52091
 0.16033
 0.47690
 0.15154
 0.35889
 0.05643
 0.31793
 0.47918
 0.51780
 0.41811
 0.27362
 0.46965
 0.35318
 0.16732
 0.00018
 0.14222
 0.62556
 0.01806
 0.08457
 0.40868
 0.86317
 0.54075
 0.50304
 0.48351
 0.78480
 0.07261
 0.47360
 0.26148
 0.25283
 0.10566
 0.01822
 0.35309
 0.28378
 0.51073
 0.10412
 0.33551
 0.68281
 0.39695
 0.17673
 0.45033
 0.39119
 0.11387
 0.48107
 0.29492
 0.18316
 0.26135
 0.34078
 0.20122
 0.56727
 0.02686
 0.43250
 0.49670
 0.62484
 0.22080
 0.29376
 0.01915
 0.21329
 0.18408
 0.78109
 0.52566
 0.13517
 0.77527
 0.60664
 0.02981
 0.06024
 0.00520
 0.55058
 0.04747
 0.08496
 0.48489
 0.10450
 0.27012
 0.40138
 0.13740
 0.29631
 0.15106
 0.00940
 0.27460
 0.53265
 0.16643
 0.77950
 0.08699
 0.14810
 0.11580
 0.10742
 0.22833
 0.22878
 0.68828
 0.09048
 0.65688
 0.88388
 0.14928
 0.60467
 0.20523
 0.04932
 0.58193
 0.40356
 0.10885
 0.35426
 0.25256
 0.44008
 0.31350
 0.50947
 0.14148
 0.58859
 0.28616
 0.38942
 0.01247
 0.21588
 0.01500
 0.53481
 0.11014
 0.17200
 0.33685
 0.54308
 0.03737
 0.02871
 0.64129
 0.60007
 0.04608
 0.60980
 0.42475
 0.68366
 0.37911
 0.10967
 0.00082
 0.22148
 0.07921
 0.47221
 0.48428
 0.18260
 0.20803
 0.25019
 0.02537
 0.66093
 0.18984
 0.12266
 0.17070
 0.09320
 0.55950
 0.54979
 0.09442
 0.25012
 0.26754
 0.60806
 0.25171
 0.33728
 0.27750
 0.31984
 0.24647
 0.84134
 0.24472
 0.54517
 0.34051
 0.32514
 0.49253
 0.02603
 0.87799
 0.08752
 0.38735
 0.10281
 0.81456
 0.24573
 0.10431
 0.52797
 0.50940
 0.63234
 0.41357
 0.42731
 0.17185
 0.50644
 0.66045
 0.55417
 0.69069
 0.80468
 0.83445
 0.16022
 0.88095
 0.27559
 0.37286
 0.06930
 0.13245
 0.07973
 0.61606
 0.62417
 0.45166
 0.13980
 0.43156
 0.80653
 0.82946
 0.05905
 0.14346
 0.35414
 0.28555
 0.25146
 0.03588
 0.16297
 0.04996
 0.08461
 0.92109
 0.40035
 0.47291
 0.12024
 0.00260
 0.92819
 0.06836
 0.28422
 0.69572
 0.17360
 0.57995
 0.32291
 0.35077
 0.61095
 0.21906
 0.19020
 0.24686
 0.13136
 0.74361
 0.32692
 0.20625
 0.36409
 0.76774
 0.14826
 0.17103
 0.60433
 0.08238
 0.84568
 0.54975
 0.38296
 0.48230
 0.20102
 0.46363
 0.61673
 0.11641
 0.22596
 0.04815
 0.36507
 0.69058
 0.64068
 0.07097
 0.15146
 0.24504
 0.35686
 0.17503
 0.48894
 0.71920
 0.45466
 0.08814
 0.03063
 0.37467
 0.19892
 0.17329
 0.53223
 0.45541
 0.69995
 0.52804
 0.03144
 0.34697
 0.28691
 0.23726
 0.75187
 0.25096
 0.19056
 0.51052
 0.34682
 0.63988
 0.55356
 0.49719
 0.46765
 0.52756
 0.40599
 0.21558
 0.42927
 0.19682
 0.15707
 0.61878
 0.11540
 0.28098
 0.28273
 0.59175
 0.04063
 0.47881
 0.00103
 0.18609
 0.10444
 0.03141
 0.95917
 0.53399
 0.58250
 0.09966
 0.62739
 0.42590
 0.24198
 0.08612
 0.29579
 0.59387
 0.30708
 0.14284
 0.18503
 0.66340
 0.27907
 0.43029
 0.72670
 0.43783
 0.49567
 0.72129
 0.22162
 0.37748
 0.21699
 0.14294
 0.01153
 0.52076
 0.31469
 0.10363
 0.14851
 0.73755
 0.36275
 0.12455
 0.19094
 0.19273
 0.06128
 0.36618
 0.27826
 0.28635
 0.13302
 0.68858
 0.33037
 0.43569
 0.60921
 0.10362
 0.33768
 0.23039
 0.32215
 0.16261
 0.63182
 0.04434
 0.41259
 0.40375
 0.41802
 0.30959
 0.57302
 0.63759
 0.46974
 0.34385
 0.07343
 0.44702
 0.78470
 0.70692
 0.06205
 0.28829
 0.09913
 0.13434
 0.40854
 0.38505
 0.08745
 0.04570
 0.36260
 0.13032
 0.10674
 0.41200
 0.99645
 0.29816
 0.04411
 0.08335
 0.06767
 0.13159
 0.72770
 0.43544
 0.35593
 0.16991
 0.24796
 0.33574
 0.60700
 0.80040
 0.04352
 0.13384
 0.36032
 0.04801
 0.38148
 0.49396
 0.08943
 0.10408
 0.30092
 0.39500
 0.28824
 0.96235
 0.26004
 0.66049
 0.21225
 0.00467
 0.21252
 0.46647
 0.49548
 0.19935
 0.57476
 0.33890
 0.40229
 0.27330
 0.55429
 0.34115
 0.31137
 0.75497
 0.18014
 0.40660
 0.49591
 0.42531
 0.06934
 0.27118
 0.79136
 0.49975
 0.13206
 0.37995
 0.41093
 0.25724
 0.34192
 0.85981
 0.40409
 0.07192
 0.18291
 0.63630
 0.21291
 0.08022
 0.75360
 0.47641
 0.25728
 0.51636
 0.56527
 0.14008
 0.00704
 0.61782
 0.70996
 0.53668
 0.54430
 0.03262
 0.03236
 0.41131
 0.28453
 0.28510
 0.28170
 0.20848
 0.76780
 0.52277
 0.07123
 0.43465
 0.44219
 0.43228
 0.59779
 0.30175
 0.20858
 0.67329
 0.60783
 0.04033
 0.74405
 0.02768
 0.66204
 0.42115
 0.00266
 0.70230
 0.85092
 0.19682
 0.13375
 0.69103
 0.37564
 0.61122
 0.41213
 0.47369
 0.52177
 0.06120
 0.07623
 0.72282
 0.21398
 0.46840
 0.71988
 0.14841
 0.35459
 0.31951
 0.34189
 0.00311
 0.24727
 0.11106
 0.00810
 0.84382
 0.43899
 0.38836
 0.57874
 0.30829
 0.10149
 0.13758
 0.36198
 0.07581
 0.33918
 0.88411
 0.27606
 0.17661
 0.64416
 0.61527
 0.51569
 0.44867
 0.36695
 0.76682
 0.64303
 0.30315
 0.26557
 0.00182
 0.25089
 0.44474
 0.28649
 0.57237
 0.15580
 0.21589
 0.46556
 0.72578
 0.27693
 0.09431
 0.11656
 0.07874
 0.12363
 0.39049
 0.83879
 0.25594
 0.80579
 0.67950
 0.29657
 0.45273
 0.26522
 0.68232
 0.62907
 0.25180
 0.50527
 0.40349
 0.64998
 0.00518
 0.06624
 0.25689
 0.69311
 0.33527
 0.15968
 0.38823
 0.60099
 0.00240
 0.90334
 0.28152
 0.38648
 0.57455
 0.07350
 0.63691
 0.41594
 0.46764
 0.21864
 0.07601
 0.15929
 0.36326
 0.07319
 0.92283
 0.06783
 0.01277
 0.47576
 0.15869
 0.43931
 0.56541
 0.39387
 0.08918
 0.28119
 0.32821
 0.65971
 0.74988
 0.07445
 0.18374
 0.15335
 0.62291
 0.75967
 0.58570
 0.08802
 0.73866
 0.47619
 0.59623
 0.17334
 0.49401
 0.75919
 0.24724
 0.59323
 0.48772
 0.43500
 0.00289
 0.37950
 0.53927
 0.02348
 0.97200
 0.10318
 0.02789
 0.12975
 0.39408
 0.70821
 0.23250
 0.32345
 0.66433
 0.25715
 0.15550
 0.58000
 0.64140
 0.85435
 0.22464
 0.29072
 0.16826
 0.25717
 0.78133
 0.00392
 0.10252
 0.41712
 0.21705
 0.44119
 0.37531
 0.45553
 0.28859
 0.16656
 0.20822
 0.26262
 0.74381
 0.12667
 0.11278
 0.31170
 0.05970
 0.39413
 0.28574
 0.29035
 0.83352
 0.80552
 0.74630
 0.07007
 0.24092
 0.51857
 0.56356
 0.24914
 0.05137
 0.52652
 0.34582
 0.53077
 0.22029
 0.57587
 0.04083
 0.58370
 0.68131
 0.29520
 0.33294
 0.56682
 0.81750
 0.31181
 0.23406
 0.70547
 0.37566
 0.72699
 0.87699
 0.02281
 0.12942
 0.43620
 0.10160
 0.16209
 0.12355
 0.44140
 0.91545
 0.67538
 0.66242
 0.56421
 0.77318
 0.69268
 0.10481
 0.42891
 0.32709
 0.44380
 0.58627
 0.18234
 0.05040
 0.53390
 0.70653
 0.68617
 0.53048
 0.12755
 0.49161
 0.57773
 0.21512
 0.22978
 0.43993
 0.09033
 0.43781
 0.35222
 0.56453
 0.33514
 0.09732
 0.17176
 0.79990
 0.15459
 0.63766
 0.32456
 0.13923
 0.64649
 0.07281
 0.01224
 0.25265
 0.45942
 0.27622
 0.33803
 0.56893
 0.10981
 0.25734
 0.91938
 0.08253
 0.54133
 0.67510
 0.10428
 0.04494
 0.01105
 0.36663
 0.42914
 0.07194
 0.45405
 0.03254
 0.04732
 0.04097
 0.38246
 0.19884
 0.36386
 0.30651
 0.62862
 0.80871
 0.40381
 0.24043
 0.58352
 0.22325
 0.15358
 0.56863
 0.38628
 0.37872
 0.74752
 0.35150
 0.16396
 0.19889
 0.22774
 0.19947
 0.00137
 0.16277
 0.06449
 0.41637
 0.65889
 0.34120
 0.47450
 0.86097
 0.59876
 0.34486
 0.14597
 0.24535
 0.23567
 0.74236
 0.67059
 0.09320
 0.24190
 0.22730
 0.36044
 0.11804
 0.14026
 0.70868
 0.25732
 0.13370
 0.59952
 0.31037
 0.26721
 0.11307
 0.73307
 0.19001
 0.56788
 0.94270
 0.41194
 0.07453
 0.35716
 0.19243
 0.29606
 0.04135
 0.41617
 0.59030
 0.12702
 0.82067
 0.60271
 0.15367
 0.15423
 0.29377
 0.20717
 0.02056
 0.54807
 0.51120
 0.52160
 0.49255
 0.37609
 0.09736
 0.27464
 0.22025
 0.72573
 0.22873
 0.91397
 0.23674
 0.32573
 0.36637
 0.29639
 0.45001
 0.80570
 0.30318
 0.47783
 0.00607
 0.25947
 0.51478
 0.72646
 0.10949
 0.06370
 0.69389
 0.26014
 0.07639
 0.12803
 0.46616
 0.66237
 0.02939
 0.11913
 0.22751
 0.18273
 0.11083
 0.45053
 0.49368
 0.48593
 0.46250
 0.11734
 0.13194
 0.77697
 0.08478
 0.62723
 0.79165
 0.17328
 0.52173
 0.49270
 0.46809
 0.41862
 0.68831
 0.33851
 0.50733
 0.62072
 0.40711
 0.10109
 0.08723
 0.18993
 0.39023
 0.66510
 0.59793
 0.47405
 0.65282
 0.05158
 0.53083
 0.10261
 0.61548
 0.58538
 0.10700
 0.13429
 0.53240
 0.79272
 0.04689
 0.65130
 0.62735
 0.13637
 0.33693
 0.39641
 0.35406
 0.12011
 0.17069
 0.19740
 0.60661
 0.35794
 0.59789
 0.04261
 0.15259
 0.68656
 0.27159
 0.55261
 0.71057
 0.30954
 0.04730
 0.97336
 0.41333
 0.82827
 0.43868
 0.13951
 0.21440
 0.46079
 0.41668
 0.03534
 0.45431
 0.19842
 0.16110
 0.73120
 0.53168
 0.14502
 0.23247
 0.19658
 0.82188
 0.36724
 0.56752
 0.39736
 0.00392
 0.02344
 0.21627
 0.64110
 0.28950
 0.03547
 0.71198
 0.39024
 0.07013
 0.10557
 0.18151
 0.24841
 0.29379
 0.29890
 0.19005
 0.15506
 0.76467
 0.86165
 0.01574
 0.81318
 0.57510
 0.54375
 0.43698
 0.61593
 0.57997
 0.72473
 0.83399
 0.13086
 0.41489
 0.10906
 0.11019
 0.42211
 0.92523
 0.10907
 0.28814
 0.63640
 0.50228
 0.48853
 0.12965
 0.54681
 0.30680
 0.39597
 0.01935
 0.68517
 0.08760
 0.12040
 0.26001
 0.80498
 0.56206
 0.72558
 0.31950
 0.48843
 0.70098
 0.07101
 0.35065
 0.01781
 0.02620
 0.00489
 0.41948
 0.45133
 0.16219
 0.28448
 0.85820
 0.31422
 0.02618
 0.59966
 0.14994
 0.58586
 0.17475
 0.58848
 0.63710
 0.48002
 0.13008
 0.06052
 0.57521
 0.81938
 0.18427
 0.66402
 0.10922
 0.02449
 0.08293
 0.04263
 0.58753
 0.33869
 0.12355
 0.27713
 0.48178
 0.17586
 0.06013
 0.63994
 0.63438
 0.54104
 0.22977
 0.77888
 0.07016
 0.30993
 0.15393
 0.52113
 0.31269
 0.14128
 0.40798
 0.05030
 0.57917
 0.37623
 0.60327
 0.45680
 0.02123
 0.03858
 0.07059
 0.02468
 0.51668
 0.55431
 0.53483
 0.07261
 0.43650
 0.22518
 0.40383
 0.66392
 0.05908
 0.48053
 0.10124
 0.52902
 0.29766
 0.43111
 0.64160
 0.39981
 0.19712
 0.25696
 0.61782
 0.56299
 0.24665
 0.67352
 0.20163
 0.82481
 0.23335
 0.47797
 0.62149
 0.79910
 0.26775
 0.77144
 0.70328
 0.24722
 0.00491
 0.14613
 0.27354
 0.36410
 0.57840
 0.45687
 0.64881
 0.18300
 0.44605
 0.14756
 0.44175
 0.02691
 0.40908
 0.25595
 0.64339
 0.17888
 0.59356
 0.06714
 0.47447
 0.01103
 0.64636
 0.53075
 0.76413
 0.38209
 0.81835
 0.44943
 0.06589
 0.30839
 0.44830
 0.54847
 0.33639
 0.26846
 0.26373
 0.65608
 0.46400
 0.06678
 0.25670
 0.53356
 0.02746
 0.33755
 0.11139
 0.07803
 0.35705
 0.46189
 0.20331
 0.03916
 0.16986
 0.08127
 0.56883
 0.50533
 0.23101
 0.32261
 0.19964
 0.01859
 0.28184
 0.00102
 0.55203
 0.04677
 0.14733
 0.62255
 0.71073
 0.22429
 0.16363
 0.03333
 0.56915
 0.93760
 0.26754
 0.84755
 0.45101
 0.27666
 0.56079
 0.34464
 0.91961
 0.41233
 0.07174
 0.18503
 0.51453
 0.67343
 0.06586
 0.29642
 0.45591
 0.08748
 0.67945
 0.72740
 0.35784
 0.45456
 0.28370
 0.46076
 0.52884
 0.17621
 0.03325
 0.58914
 0.36100
 0.50645
 0.33874
 0.28567
 0.12401
 0.02829
 0.79577
 0.58991
 0.51839
 0.21979
 0.55859
 0.52606
 0.33783
 0.41042
 0.31893
 0.57267
 0.00751
 0.17434
 0.51127
 0.48573
 0.17571
 0.03339
 0.10582
 0.01654
 0.44584
 0.35065
 0.36054
 0.06695
 0.12265
 0.46723
 0.35174
 0.35078
 0.10184
 0.21994
 0.33727
 0.10562
 0.27391
 0.39809
 0.14385
 0.11384
 0.38909
 0.11223
 0.49682
 0.58013
 0.67518
 0.20020
 0.44998
 0.70547
 0.14590
 0.48371
 0.15853
 0.76212
 0.41144
 0.24286
 0.79069
 0.49702
 0.05910
 0.47897
 0.84350
 0.67853
 0.68539
 0.14013
 0.02248
 0.21325
 0.02468
 0.04508
 0.37358
 0.61706
 0.47276
 0.48431
 0.40443
 0.85740
 0.36604
 0.89566
 0.13976
 0.05830
 0.30052
 0.48497
 0.08754
 0.02776
 0.48152
 0.40477
 0.26377
 0.61492
 0.78670
 0.39002
 0.18313
 0.10895
 0.11912
 0.36883
 0.84892
 0.37707
 0.23300
 0.07185
 0.28038
 0.00215
 0.15135
 0.80864
 0.76390
 0.62622
 0.28544
 0.45661
 0.54704
 0.40360
 0.41316
 0.71963
 0.19417
 0.26610
 0.33004
 0.57786
 0.52269
 0.35608
 0.52231
 0.19456
 0.61224
 0.30493
 0.53509
 0.12266
 0.16452
 0.02993
 0.27739
 0.06687
 0.53597
 0.23896
 0.46905
 0.88520
 0.01768
 0.01144
 0.51325
 0.29805
 0.67977
 0.35784
 0.16162
 0.76642
 0.11372
 0.36336
 0.42799
 0.05447
 0.23464
 0.69270
 0.40760
 0.61105
 0.17208
 0.74572
 0.32889
 0.26590
 0.08873
 0.57062
 0.65873
 0.16897
 0.00737
 0.00400
 0.45384
 0.81963
 0.27626
 0.69925
 0.43006
 0.30167
 0.78695
 0.12081
 0.12893
 0.13851
 0.03772
 0.02458
 0.37900
 0.23307
 0.36236
 0.29678
 0.02926
 0.09188
 0.45578
 0.37360
 0.53409
 0.01143
 0.24093
 0.14875
 0.20591
 0.20970
 0.41910
 0.29908
 0.14868
 0.77995
 0.35890
 0.01084
 0.28591
 0.17990
 0.27899
 0.04900
 0.11405
 0.17497
 0.82714
 0.38690
 0.64189
 0.12076
 0.31661
 0.54504
 0.11359
 0.57027
 0.23718
 0.15476
 0.13496
 0.40053
 0.30038
 0.25505
 0.17466
 0.25034
 0.00504
 0.48533
 0.08370
 0.34532
 0.27769
 0.81745
 0.64001
 0.77444
 0.23369
 0.06134
 0.15536
 0.77777
 0.19025
 0.36340
 0.02902
 0.12605
 0.22635
 0.74731
 0.29968
 0.11912
 0.08371
 0.72945
 0.24749
 0.20334
 0.00508
 0.29006
 0.37841
 0.12580
 0.59154
 0.26403
 0.54832
 0.48956
 0.20939
 0.09557
 0.57196
 0.70344
 0.34800
 0.17759
 0.36737
 0.48519
 0.51766
 0.32019
 0.27952
 0.18517
 0.58567
 0.42618
 0.39406
 0.42523
 0.80305
 0.72482
 0.75678
 0.59889
 0.22440
 0.59419
 0.05981
 0.63380
 0.21764
 0.29897
 0.64323
 0.10878
 0.36829
 0.29274
 0.34361
 0.65208
 0.02769
 0.42833
 0.08705
 0.01301
 0.05260
 0.03279
 0.32915
 0.19227
 0.88819
 0.79278
 0.09341
 0.01158
 0.07517
 0.11092
 0.22278
 0.33693
 0.28185
 0.78480
 0.16736
 0.59193
 0.65044
 0.03667
 0.36083
 0.09855
 0.57247
 0.23170
 0.24773
 0.67310
 0.30196
 0.38600
 0.19842
 0.53129
 0.35002
 0.90249
 0.63500
 0.12113
 0.03815
 0.25533
 0.16090
 0.66353
 0.15576
 0.17317
 0.66805
 0.58208
 0.45300
 0.22524
 0.67404
 0.37872
 0.01950
 0.31368
 0.07249
 0.61167
 0.42058
 0.05544
 0.09462
 0.02072
 0.78226
 0.68008
 0.54287
 0.03121
 0.14657
 0.78484
 0.58157
 0.43167
 0.21574
 0.65963
 0.62476
 0.46390
 0.31729
 0.06061
 0.10629
 0.20012
 0.59791
 0.07016
 0.19646
 0.93748
 0.04596
 0.46375
 0.43039
 0.02041
 0.18510
 0.45824
 0.15803
 0.34453
 0.04444
 0.31336
 0.15374
 0.27604
 0.31387
 0.45865
 0.04143
 0.39913
 0.31883
 0.20170
 0.29796
 0.09831
 0.68464
 0.06569
 0.64568
 0.61742
 0.17724
 0.44426
 0.16921
 0.69441
 0.42178
 0.67234
 0.24360
 0.68522
 0.02244
 0.36742
 0.11385
 0.27711
 0.36223
 0.18506
 0.46735
 0.11256
 0.51709
 0.21390
 0.60496
 0.18220
 0.34402
 0.72796
 0.05488
 0.31074
 0.45892
 0.45782
 0.20675
 0.73305
 0.29244
 0.00709
 0.14258
 0.49728
 0.04110
 0.21087
 0.14721
 0.23857
 0.35925
 0.28518
 0.04621
 0.63870
 0.00772
 0.01415
 0.02936
 0.39099
 0.36170
 0.49098
 0.52745
 0.49443
 0.19289
 0.25601
 0.62148
 0.07505
 0.30877
 0.36263
 0.14943
 0.09381
 0.61496
 0.27005
 0.18691
 0.59499
 0.00311
 0.04544
 0.19843
 0.12936
 0.00807
 0.29881
 0.14057
 0.09680
 0.92643
 0.27300
 0.74985
 0.38074
 0.28006
 0.10515
 0.39198
 0.91201
 0.71835
 0.45074
 0.04296
 0.54029
 0.06045
 0.13974
 0.34287
 0.26033
 0.68526
 0.60700
 0.86585
 0.36460
 0.39312
 0.84201
 0.52201
 0.57972
 0.50043
 0.01924
 0.20802
 0.62814
 0.33614
 0.06989
 0.01915
 0.48252
 0.21168
 0.00828
 0.35471
 0.04345
 0.42586
 0.48370
 0.39368
 0.78871
 0.28682
 0.71859
 0.72779
 0.67118
 0.44509
 0.03106
 0.58248
 0.38084
 0.15160
 0.05413
 0.46052
 0.36687
 0.16215
 0.08148
 0.11251
 0.45795
 0.32180
 0.03924
 0.28148
 0.05395
 0.13623
 0.11904
 0.70148
 0.14357
 0.24226
 0.64946
 0.49026
 0.61881
 0.44616
 0.26259
 0.76337
 0.42569
 0.09543
 0.09551
 0.05222
 0.79651
 0.18021
 0.69803
 0.86576
 0.10561
 0.88001
 0.14065
 0.03844
 0.06125
 0.06717
 0.40058
 0.00979
 0.87692
 0.15500
 0.22141
 0.57298
 0.46540
 0.52109
 0.46478
 0.80871
 0.11882
 0.74689
 0.61246
 0.17736
 0.57310
 0.62588
 0.09598
 0.35892
 0.31306
 0.00204
 0.73638
 0.23552
 0.28608
 0.39141
 0.39967
 0.32512
 0.50833
 0.25419
 0.11477
 0.36751
 0.18515
 0.51132
 0.26335
 0.38358
 0.60869
 0.07840
 0.12591
 0.15113
 0.56403
 0.73627
 0.52536
 0.15910
 0.16755
 0.30150
 0.58908
 0.14521
 0.40668
 0.11416
 0.38881
 0.35505
 0.01589
 0.44296
 0.22944
 0.42050
 0.06830
 0.14091
 0.01662
 0.87384
 0.36621
 0.84141
 0.14429
 0.32597
 0.70328
 0.57643
 0.05573
 0.43656
 0.64426
 0.27298
 0.35000
 0.71214
 0.19095
 0.50001
 0.43380
 0.81552
 0.57938
 0.40059
 0.24241
 0.69393
 0.47729
 0.14265
 0.13489
 0.18100
 0.14447
 0.43037
 0.07634
 0.35166
 0.45003
 0.42815
 0.03047
 0.01938
 0.12011
 0.05323
 0.10153
 0.74917
 0.66370
 0.15333
 0.37047
 0.51310
 0.45475
 0.33669
 0.19576
 0.31124
 0.30021
 0.65175
 0.25709
 0.11738
 0.41377
 0.70628
 0.03493
 0.20419
 0.44134
 0.68848
 0.28458
 0.27606
 0.35197
 0.70185
 0.15853
 0.83266
 0.22620
 0.75863
 0.06048
 0.46144
 0.34811
 0.05949
 0.70461
 0.72381
 0.41553
 0.24650
 0.54175
 0.41309
 0.57466
 0.45417
 0.76000
 0.10950
 0.76271
 0.03730
 0.20062
 0.41361
 0.32887
 0.05407
 0.32673
 0.00555
 0.45581
 0.19217
 0.44877
 0.43310
 0.03683
 0.37618
 0.57325
 0.35901
 0.28255
 0.21216
 0.53276
 0.01859
 0.27641
 0.22472
 0.20114
 0.05012
 0.77049
 0.91587
 0.34917
 0.01343
 0.23694
 0.67502
 0.32092
 0.54522
 0.27646
 0.75281
 0.22007
 0.10699
 0.21173
 0.50608
 0.78813
 0.73114
 0.30141
 0.05522
 0.23828
 0.18779
 0.06856
 0.84900
 0.16761
 0.44771
 0.49067
 0.86614
 0.52508
 0.21930
 0.22392
 0.18490
 0.29349
 0.61555
 0.12497
 0.40015
 0.68650
 0.17705
 0.02005
 0.27043
 0.29794
 0.12913
 0.28180
 0.47407
 0.29030
 0.70041
 0.13227
 0.11240
 0.18302
 0.27496
 0.11197
 0.05980
 0.64803
 0.12899
 0.75313
 0.00632
 0.01234
 0.10596
 0.44503
 0.49966
 0.22161
 0.04252
 0.33201
 0.24161
 0.19816
 0.15421
 0.24398
 0.42309
 0.49653
 0.51254
 0.34584
 0.31323
 0.49354
 0.35778
 0.26957
 0.02568
 0.47622
 0.01677
 0.24040
 0.71007
 0.77229
 0.45292
 0.67746
 0.32617
 0.72928
 0.13065
 0.62294
 0.48989
 0.44502
 0.80853
 0.35863
 0.24998
 0.19040
 0.19932
 0.32337
 0.27242
 0.79702
 0.28593
 0.13099
 0.75894
 0.54360
 0.08157
 0.61463
 0.16254
 0.20680
 0.07748
 0.56011
 0.69701
 0.66866
 0.23559
 0.51371
 0.20807
 0.63029
 0.68718
 0.24189
 0.65592
 0.36883
 0.06280
 0.14464
 0.27913
 0.18896
 0.33668
 0.59864
 0.40794
 0.18762
 0.23628
 0.29968
 0.83395
 0.39210
 0.10446
 0.65965
 0.62780
 0.23104
 0.11201
 0.62740
 0.57548
 0.12754
 0.29299
 0.43246
 0.72312
 0.02006
 0.91590
 0.01059
 0.38640
 0.11335
 0.07821
 0.70818
 0.27008
 0.26890
 0.73622
 0.27843
 0.22386
 0.38415
 0.73832
 0.32749
 0.10327
 0.07651
 0.21468
 0.57829
 0.58173
 0.07164
 0.07854
 0.63635
 0.24210
 0.10242
 0.75983
 0.48917
 0.04095
 0.14641
 0.20470
 0.89730
 0.82563
 0.42203
 0.70461
 0.17306
 0.54111
 0.11492
 0.20582
 0.05898
 0.21269
 0.66792
 0.02945
 0.43717
 0.43546
 0.19344
 0.78343
 0.78487
 0.36449
 0.04159
 0.82640
 0.40230
 0.29794
 0.64417
 0.33826
 0.46538
 0.32539
 0.03388
 0.84399
 0.62665
 0.49998
 0.65173
 0.15767
 0.95143
 0.04883
 0.93528
 0.20660
 0.10184
 0.49344
 0.49649
 0.15372
 0.19005
 0.22005
 0.46549
 0.63535
 0.74127
 0.49358
 0.42878
 0.88172
 0.77559
 0.03336
 0.20403
 0.21432
 0.48314
 0.22704
 0.70594
 0.37729
 0.06583
 0.27088
 0.47643
 0.60096
 0.62847
 0.20623
 0.35641
 0.32949
 0.72822
 0.17175
 0.48579
 0.20875
 0.59669
 0.76322
 0.09921
 0.41322
 0.86306
 0.38261
 0.28340
 0.33186
 0.41479
 0.49502
 0.08433
 0.49397
 0.31904
 0.83009
 0.18708
 0.37199
 0.18209
 0.79894
 0.28537
 0.70756
 0.23631
 0.00310
 0.53238
 0.37545
 0.67549
 0.26973
 0.65394
 0.08703
 0.71925
 0.16781
 0.49709
 0.43244
 0.52964
 0.51397
 0.40709
 0.01684
 0.50149
 0.07601
 0.09612
 0.38668
 0.53874
 0.07698
 0.44020
 0.51771
 0.06855
 0.24951
 0.67138
 0.47082
 0.41568
 0.16050
 0.22014
 0.41419
 0.29377
 0.07559
 0.60032
 0.04851
 0.44422
 0.68007
 0.43150
 0.55373
 0.09266
 0.59424
 0.24455
 0.02940
 0.15434
 0.70571
 0.55811
 0.73783
 0.58348
 0.03733
 0.22228
 0.86216
 0.36557
 0.43152
 0.70360
 0.04353
 0.03151
 0.18294
 0.42363
 0.19608
 0.18743
 0.30808
 0.22758
 0.14331
 0.06149
 0.38189
 0.49160
 0.82855
 0.27249
 0.06641
 0.88183
 0.07556
 0.94750
 0.40476
 0.63447
 0.57393
 0.02511
 0.21460
 0.89736
 0.02972
 0.75045
 0.17419
 0.45727
 0.02871
 0.07489
 0.45814
 0.47705
 0.13092
 0.59341
 0.02552
 0.68993
 0.46688
 0.63477
 0.36288
 0.60811
 0.75855
 0.34202
 0.33175
 0.30438
 0.36290
 0.54644
 0.28156
 0.09708
 0.86580
 0.56297
 0.59572
 0.36800
 0.34681
 0.81296
 0.66211
 0.20527
 0.47926
 0.64540
 0.56595
 0.03539
 0.29855
 0.67993
 0.72707
 0.75384
 0.57225
 0.54548
 0.06099
 0.47435
 0.42240
 0.44366
 0.22096
 0.31059
 0.18441
 0.16286
 0.36144
 0.67544
 0.18956
 0.14138
 0.25904
 0.37080
 0.02566
 0.36206
 0.64830
 0.43140
 0.68130
 0.20814
 0.68743
 0.25182
 0.34671
 0.29881
 0.69215
 0.35931
 0.12506
 0.34595
 0.13423
 0.31234
 0.35381
 0.12313
 0.06496
 0.00985
 0.32476
 0.40760
 0.04718
 0.71086
 0.59860
 0.20245
 0.27680
 0.12482
 0.06552
 0.11252
 0.12402
 0.16668
 0.00571
 0.29225
 0.85041
 0.68425
 0.20607
 0.25327
 0.28253
 0.05439
 0.27459
 0.77414
 0.52291
 0.36357
 0.80467
 0.09693
 0.64525
 0.21947
 0.38738
 0.31470
 0.35495
 0.15960
 0.41753
 0.37935
 0.51938
 0.31570
 0.64823
 0.78960
 0.09708
 0.32237
 0.21926
 0.67660
 0.49374
 0.33696
 0.33826
 0.25742
 0.66732
 0.11546
 0.37743
 0.01385
 0.53926
 0.28234
 0.10760
 0.65491
 0.47696
 0.02006
 0.08500
 0.27507
 0.20010
 0.14869
 0.02936
 0.18884
 0.08604
 0.43172
 0.13175
 0.63627
 0.16316
 0.54532
 0.31356
 0.21372
 0.33650
 0.44975
 0.37073
 0.80152
 0.04021
 0.02435
 0.10399
 0.09350
 0.58853
 0.57198
 0.17229
 0.66637
 0.37592
 0.25905
 0.28506
 0.23091
 0.66505
 0.54551
 0.42830
 0.71034
 0.08384
 0.16188
 0.45542
 0.16697
 0.38862
 0.55065
 0.57432
 0.41114
 0.26600
 0.14927
 0.06710
 0.43431
 0.06365
 0.29259
 0.59455
 0.38114
 0.16280
 0.18536
 0.06569
 0.48677
 0.37774
 0.50031
 0.57399
 0.57976
 0.11890
 0.30914
 0.40852
 0.33295
 0.58303
 0.38926
 0.33392
 0.52549
 0.61785
 0.45281
 0.21277
 0.72016
 0.52810
 0.20263
 0.55914
 0.22865
 0.35424
 0.12615
 0.03193
 0.85034
 0.17332
 0.57903
 0.24902
 0.57887
 0.02297
 0.50875
 0.77512
 0.14920
 0.11381
 0.35791
 0.49913
 0.49882
 0.33624
 0.19782
 0.27735
 0.43464
 0.06727
 0.09816
 0.32887
 0.32861
 0.36733
 0.83460
 0.27068
 0.35501
 0.19756
 0.08228
 0.56009
 0.30012
 0.14719
 0.54661
 0.40311
 0.15217
 0.16348
 0.88608
 0.10662
 0.39846
 0.77656
 0.44244
 0.19881
 0.41890
 0.85018
 0.23707
 0.46696
 0.08155
 0.07380
 0.23686
 0.35339
 0.38260
 0.15375
 0.25234
 0.23420
 0.25074
 0.64613
 0.24503
 0.37260
 0.71577
 0.24383
 0.37986
 0.85304
 0.88702
 0.25586
 0.14896
 0.59975
 0.23363
 0.07169
 0.09470
 0.36756
 0.07916
 0.89809
 0.38137
 0.34675
 0.25648
 0.14793
 0.32391
 0.77376
 0.25757
 0.34662
 0.64521
 0.16539
 0.30752
 0.23193
 0.05483
 0.50726
 0.11135
 0.40646
 0.49724
 0.46125
 0.36551
 0.40577
 0.25180
 0.65281
 0.26025
 0.26989
 0.27730
 0.19553
 0.22241
 0.48750
 0.04116
 0.54985
 0.78577
 0.21718
 0.50372
 0.75246
 0.46044
 0.16302
 0.91059
 0.07533
 0.82654
 0.68742
 0.46274
 0.27166
 0.12703
 0.49196
 0.63291
 0.84827
 0.54049
 0.61647
 0.01680
 0.69684
 0.44664
 0.33285
 0.07050
 0.01883
 0.09409
 0.38732
 0.30974
 0.46777
 0.54482
 0.14201
 0.28351
 0.09405
 0.09594
 0.76040
 0.56096
 0.10311
 0.26245
 0.02915
 0.01799
 0.75261
 0.54863
 0.31263
 0.55494
 0.16819
 0.09289
 0.31807
 0.08920
 0.58449
 0.75063
 0.35372
 0.00823
 0.40656
 0.11426
 0.34902
 0.77851
 0.55075
 0.05706
 0.04515
 0.00173
 0.31194
 0.29039
 0.39605
 0.48208
 0.12041
 0.08008
 0.39090
 0.44925
 0.60932
 0.53358
 0.20547
 0.76162
 0.15522
 0.54974
 0.53510
 0.08477
 0.28992
 0.10394
 0.60480
 0.21834
 0.35672
 0.68068
 0.80161
 0.00033
 0.04225
 0.72825
 0.53260
 0.34886
 0.68345
 0.13532
 0.13778
 0.03397
 0.19943
 0.77561
 0.49035
 0.13534
 0.25844
 0.16934
 0.02121
 0.27122
 0.04143
 0.17282
 0.01026
 0.65798
 0.10836
 0.45843
 0.29682
 0.34494
 0.37440
 0.50523
 0.03460
 0.31076
 0.22757
 0.84941
 0.24672
 0.41859
 0.51241
 0.52825
 0.25560
 0.12960
 0.35870
 0.41852
 0.53404
 0.94374
 0.85452
 0.79229
 0.54874
 0.44692
 0.30485
 0.63687
 0.38832
 0.53731
 0.87874
 0.38949
 0.21307
 0.32753
 0.02226
 0.35789
 0.48260
 0.30302
 0.45829
 0.21108
 0.01871
 0.70398
 0.15160
 0.05605
 0.12206
 0.73232
 0.02478
 0.62781
 0.45918
 0.47483
 0.00948
 0.16606
 0.30194
 0.41316
 0.35525
 0.27217
 0.08984
 0.53481
 0.90560
 0.17788
 0.13781
 0.17587
 0.25959
 0.60725
 0.03650
 0.74916
 0.11177
 0.31860
 0.18565
 0.73136
 0.24955
 0.23832
 0.23631
 0.20943
 0.53898
 0.09059
 0.68170
 0.66697
 0.57318
 0.47433
 0.66654
 0.13239
 0.06051
 0.04073
 0.90329
 0.38804
 0.06451
 0.01569
 0.06042
 0.22863
 0.01842
 0.35758
 0.48925
 0.48537
 0.38983
 0.35110
 0.44147
 0.24397
 0.36292
 0.54642
 0.62752
 0.56252
 0.49324
 0.19181
 0.08862
 0.07310
 0.55517
 0.05975
 0.38726
 0.20408
 0.62433
 0.87891
 0.49407
 0.38682
 0.50522
 0.25418
 0.66482
 0.04138
 0.01697
 0.05957
 0.59570
 0.45462
 0.41593
 0.52673
 0.23115
 0.03974
 0.09452
 0.73310
 0.33382
 0.13286
 0.42499
 0.88752
 0.61765
 0.51084
 0.52860
 0.09922
 0.05319
 0.31602
 0.24242
 0.93360
 0.02140
 0.32676
 0.22381
 0.08117
 0.42379
 0.40624
 0.41448
 0.13507
 0.44988
 0.55651
 0.18550
 0.26012
 0.00051
 0.11933
 0.54079
 0.30293
 0.66440
 0.58471
 0.57183
 0.18542
 0.35381
 0.49865
 0.10727
 0.26853
 0.81285
 0.39368
 0.05079
 0.12578
 0.07026
 0.28043
 0.46699
 0.60790
 0.25398
 0.03456
 0.00776
 0.34206
 0.10922
 0.71199
 0.73257
 0.15460
 0.34735
 0.58169
 0.20095
 0.01851
 0.32078
 0.31547
 0.49435
 0.71930
 0.18800
 0.18200
 0.31437
 0.53944
 0.03429
 0.68320
 0.02327
 0.79409
 0.39693
 0.74404
 0.05973
 0.24026
 0.28142
 0.31268
 0.58721
 0.16542
 0.61432
 0.40199
 0.33832
 0.79256
 0.25582
 0.18352
 0.06543
 0.33917
 0.06738
 0.52734
 0.79367
 0.03204
 0.09483
 0.20698
 0.12471
 0.45921
 0.45504
 0.22427
 0.10641
 0.34259
 0.32303
 0.68412
 0.44126
 0.42727
 0.34970
 0.73061
 0.84149
 0.25279
 0.56977
 0.46346
 0.10913
 0.34674
 0.37750
 0.90617
 0.39408
 0.49334
 0.09410
 0.37931
 0.46392
 0.24293
 0.88804
 0.20750
 0.23447
 0.35105
 0.22524
 0.16494
 0.97735
 0.29672
 0.90896
 0.07879
 0.02076
 0.29054
 0.80950
 0.44551
 0.75952
 0.56934
 0.76473
 0.15315
 0.58578
 0.23145
 0.04793
 0.26823
 0.32897
 0.19550
 0.06901
 0.82086
 0.68672
 0.23429
 0.36770
 0.45357
 0.09534
 0.41506
 0.37327
 0.45407
 0.12911
 0.37221
 0.01355
 0.87996
 0.11358
 0.40947
 0.81523
 0.05223
 0.19644
 0.02747
 0.47931
 0.63973
 0.62568
 0.46291
 0.34333
 0.31185
 0.69832
 0.31038
 0.15495
 0.18593
 0.76212
 0.16361
 0.59026
 0.37567
 0.53553
 0.91938
 0.59743
 0.13099
 0.14070
 0.19765
 0.31216
 0.32732
 0.31147
 0.16309
 0.47828
 0.25203
 0.38196
 0.29058
 0.38864
 0.16155
 0.36510
 0.51523
 0.00145
 0.31067
 0.50414
 0.17271
 0.07523
 0.38993
 0.16510
 0.66665
 0.17713
 0.43987
 0.58833
 0.03427
 0.40068
 0.12265
 0.47981
 0.79723
 0.37210
 0.13440
 0.53113
 0.11853
 0.38912
 0.64798
 0.18209
 0.04112
 0.20226
 0.72993
 0.67658
 0.47578
 0.21965
 0.14673
 0.24583
 0.04792
 0.26335
 0.88173
 0.61199
 0.46930
 0.53869
 0.43300
 0.37983
 0.09180
 0.09706
 0.62322
 0.29622
 0.19998
 0.09118
 0.68901
 0.23214
 0.38514
 0.42867
 0.49387
 0.72491
 0.43465
 0.70923
 0.38054
 0.73542
 0.74574
 0.34541
 0.18264
 0.19046
 0.17437
 0.29638
 0.02700
 0.48711
 0.02484
 0.56854
 0.13384
 0.30877
 0.45149
 0.27022
 0.83444
 0.04592
 0.32424
 0.66836
 0.54344
 0.01255
 0.10389
 0.04676
 0.51366
 0.61181
 0.00434
 0.30496
 0.10341
 0.13190
 0.20498
 0.31922
 0.33250
 0.45499
 0.43186
 0.02893
 0.45806
 0.75665
 0.19690
 0.11785
 0.61802
 0.53308
 0.49071
 0.66556
 0.14229
 0.29169
 0.13113
 0.17652
 0.34795
 0.20492
 0.14373
 0.57517
 0.18493
 0.45069
 0.75602
 0.32570
 0.65971
 0.57199
 0.44580
 0.11996
 0.13821
 0.69926
 0.11221
 0.70340
 0.43473
 0.16715
 0.27759
 0.26507
 0.28135
 0.01689
 0.12130
 0.58809
 0.39259
 0.28187
 0.34610
 0.12219
 0.33184
 0.03096
 0.52999
 0.15655
 0.39516
 0.31825
 0.41046
 0.00128
 0.67809
 0.40016
 0.78818
 0.01068
 0.40579
 0.52534
 0.02271
 0.18438
 0.29673
 0.77034
 0.25382
 0.74113
 0.33436
 0.18299
 0.46328
 0.13805
 0.18321
 0.06443
 0.47597
 0.01406
 0.20881
 0.03204
 0.29796
 0.42734
 0.17533
 0.53800
 0.78707
 0.21443
 0.42576
 0.30013
 0.37473
 0.28789
 0.39425
 0.55889
 0.38449
 0.50295
 0.23514
 0.11117
 0.01609
 0.19872
 0.10118
 0.50361
 0.60682
 0.01865
 0.17562
 0.05124
 0.38264
 0.16065
 0.23004
 0.79549
 0.04123
 0.36046
 0.66375
 0.01328
 0.30680
 0.27077
 0.01842
 0.13204
 0.42072
 0.82047
 0.17970
 0.03891
 0.40916
 0.26592
 0.29691
 0.81397
 0.07513
 0.08227
 0.25865
 0.54955
 0.69237
 0.15234
 0.17183
 0.14315
 0.19683
 0.00767
 0.58024
 0.36051
 0.09201
 0.44324
 0.32549
 0.03181
 0.10811
 0.11062
 0.06907
 0.48437
 0.88485
 0.53184
 0.43440
 0.17948
 0.51691
 0.13322
 0.32341
 0.54812
 0.53658
 0.41548
 0.34096
 0.04660
 0.66805
 0.13790
 0.23737
 0.48502
 0.44372
 0.66429
 0.16473
 0.84787
 0.24344
 0.66997
 0.46492
 0.43320
 0.22641
 0.09528
 0.49632
 0.15229
 0.05017
 0.07106
 0.00105
 0.05850
 0.10447
 0.19590
 0.33356
 0.01291
 0.25102
 0.43397
 0.58573
 0.52754
 0.87826
 0.54687
 0.01471
 0.21316
 0.61519
 0.55839
 0.57989
 0.58300
 0.55503
 0.07967
 0.53587
 0.22718
 0.45551
 0.07268
 0.50824
 0.22306
 0.18914
 0.50424
 0.49553
 0.46355
 0.45586
 0.34613
 0.61037
 0.80577
 0.06325
 0.20415
 0.04898
 0.29888
 0.40601
 0.61495
 0.13999
 0.07979
 0.62774
 0.69778
 0.41129
 0.01816
 0.03876
 0.83833
 0.93639
 0.95475
 0.45106
 0.05149
 0.61860
 0.79457
 0.48022
 0.04251
 0.19827
 0.22601
 0.40122
 0.03879
 0.37687
 0.52083
 0.05058
 0.03512
 0.19919
 0.06566
 0.59150
 0.52539
 0.08285
 0.86231
 0.87732
 0.06782
 0.34912
 0.55554
 0.30928
 0.25183
 0.73552
 0.59600
 0.49437
 0.51766
 0.57776
 0.09814
 0.39858
 0.38486
 0.19934
 0.01611
 0.26768
 0.32478
 0.06631
 0.22287
 0.47993
 0.40809
 0.17457
 0.30309
 0.83788
 0.72772
 0.34218
 0.13305
 0.30098
 0.72288
 0.36261
 0.03041
 0.19139
 0.48852
 0.38861
 0.71195
 0.34148
 0.46759
 0.30637
 0.35100
 0.88300
 0.31721
 0.23715
 0.48447
 0.61894
 0.79899
 0.57913
 0.02720
 0.30451
 0.18787
 0.01483
 0.94653
 0.50782
 0.64868
 0.20596
 0.23768
 0.12206
 0.08968
 0.31523
 0.46215
 0.19460
 0.76605
 0.17780
 0.50967
 0.01008
 0.31376
 0.34325
 0.57659
 0.49330
 0.63697
 0.74419
 0.48354
 0.43514
 0.02682
 0.19440
 0.66562
 0.74695
 0.32787
 0.05460
 0.54162
 0.74888
 0.19326
 0.30096
 0.58470
 0.42297
 0.64654
 0.88946
 0.03688
 0.72670
 0.04981
 0.14349
 0.57610
 0.90155
 0.57853
 0.17818
 0.38867
 0.83590
 0.45627
 0.84208
 0.17714
 0.78887
 0.50566
 0.46738
 0.17146
 0.02051
 0.56843
 0.56971
 0.00156
 0.20966
 0.32131
 0.35381
 0.59145
 0.32982
 0.32217
 0.59582
 0.25270
 0.78973
 0.26736
 0.88695
 0.79726
 0.33811
 0.47746
 0.45682
 0.65931
 0.38131
 0.62970
 0.17543
 0.23892
 0.09759
 0.33821
 0.13589
 0.20491
 0.77989
 0.20488
 0.38688
 0.69147
 0.22877
 0.94057
 0.59204
 0.07126
 0.46093
 0.00801
 0.35078
 0.19719
 0.42131
 0.36402
 0.22385
 0.69356
 0.21868
 0.44419
 0.33481
 0.20802
 0.19515
 0.67419
 0.19108
 0.20159
 0.70260
 0.58405
 0.63451
 0.41357
 0.73417
 0.01128
 0.03471
 0.08408
 0.16900
 0.34192
 0.14645
 0.18199
 0.53550
 0.69444
 0.24954
 0.17358
 0.11949
 0.39516
 0.07571
 0.41234
 0.77391
 0.28853
 0.53184
 0.14509
 0.23521
 0.29434
 0.06604
 0.18356
 0.65189
 0.43845
 0.04186
 0.38376
 0.33367
 0.27290
 0.45692
 0.73181
 0.20932
 0.09936
 0.73788
 0.34619
 0.70574
 0.30544
 0.52529
 0.41616
 0.78041
 0.12893
 0.35090
 0.11334
 0.34734
 0.30181
 0.26137
 0.31747
 0.29469
 0.15486
 0.11957
 0.14093
 0.14385
 0.06221
 0.02466
 0.54513
 0.51791
 0.63183
 0.79927
 0.00767
 0.02776
 0.29821
 0.47771
 0.18025
 0.51482
 0.30492
 0.28261
 0.37566
 0.18677
 0.39641
 0.38216
 0.03167
 0.72920
 0.47193
 0.16122
 0.07308
 0.58972
 0.08694
 0.11445
 0.42931
 0.21859
 0.35313
 0.66167
 0.27554
 0.33806
 0.10336
 0.24401
 0.06087
 0.17238
 0.85879
 0.38884
 0.36755
 0.45997
 0.26478
 0.20005
 0.70357
 0.48503
 0.73480
 0.24919
 0.23580
 0.21337
 0.15608
 0.84146
 0.48511
 0.37783
 0.13698
 0.54264
 0.49405
 0.09512
 0.37795
 0.93104
 0.87449
 0.06786
 0.93422
 0.36887
 0.72299
 0.16042
 0.33115
 0.07727
 0.34619
 0.44794
 0.28013
 0.03619
 0.39207
 0.30953
 0.34378
 0.15569
 0.19233
 0.02771
 0.76970
 0.11584
 0.60357
 0.26882
 0.63158
 0.38949
 0.20891
 0.74660
 0.48071
 0.48885
 0.15748
 0.14381
 0.00155
 0.35976
 0.63175
 0.54121
 0.63427
 0.40606
 0.88930
 0.27246
 0.95491
 0.03729
 0.75562
 0.43188
 0.50262
 0.16863
 0.46216
 0.23411
 0.27126
 0.09960
 0.19749
 0.70714
 0.01888
 0.58112
 0.48830
 0.07325
 0.08571
 0.11007
 0.19353
 0.27713
 0.49391
 0.62536
 0.29641
 0.14791
 0.02353
 0.70065
 0.31231
 0.33895
 0.05622
 0.18634
 0.43611
 0.44000
 0.22835
 0.02052
 0.06247
 0.73509
 0.41720
 0.17758
 0.33383
 0.26527
 0.39634
 0.62017
 0.66085
 0.23985
 0.12497
 0.44044
 0.90354
 0.05551
 0.30169
 0.58271
 0.33139
 0.28355
 0.84170
 0.03922
 0.02667
 0.31869
 0.40472
 0.07766
 0.12155
 0.33490
 0.12624
 0.71089
 0.68551
 0.67026
 0.89392
 0.27098
 0.83250
 0.47937
 0.27952
 0.42072
 0.84488
 0.16612
 0.40777
 0.51030
 0.26796
 0.25451
 0.78835
 0.73942
 0.05359
 0.44327
 0.09323
 0.27084
 0.22048
 0.49126
 0.29557
 0.48500
 0.59549
 0.07001
 0.88368
 0.22274
 0.67242
 0.32710
 0.37149
 0.45171
 0.81325
 0.26697
 0.71594
 0.69316
 0.16010
 0.81377
 0.77483
 0.93566
 0.14366
 0.43436
 0.46066
 0.55575
 0.55857
 0.10333
 0.25691
 0.16671
 0.69242
 0.12545
 0.12032
 0.10968
 0.12426
 0.84860
 0.20164
 0.19879
 0.26039
 0.24380
 0.47883
 0.73030
 0.08047
 0.10731
 0.14375
 0.53624
 0.84010
 0.00124
 0.54387
 0.02584
 0.18190
 0.21288
 0.34649
 0.05977
 0.01829
 0.84239
