 0.73480
 0.59174
 0.65109
 0.88060
 0.92625
 0.97246
 0.56934
 0.47746
 0.88758
 0.15640
 0.48785
 0.18393
 0.83722
 0.80671
 0.25976
 0.98838
 0.28241
 0.77429
 0.62506
 0.61487
 0.56787
 0.54225
 0.76184
 0.67506
 0.89937
 0.89935
 0.74246
 0.49999
 0.76788
 0.58048
 0.74066
 0.80079
 0.69414
 0.36646
 0.80928
 0.99836
 0.94104
 0.56701
 0.86817
 0.70317
 0.89852
 0.67251
 0.26257
 0.63850
 0.55223
 0.76389
 0.52928
 0.67845
 0.28369
 0.75925
 0.68601
 0.98066
 0.56502
 0.70912
 0.73819
 0.91139
 0.87141
 0.92922
 0.91752
 0.21456
 0.84147
 0.84921
 0.50768
 0.45853
 0.79793
 0.30575
 0.80835
 0.95808
 0.75687
 0.80722
 0.66210
 0.87459
 0.44464
 0.67669
 0.17470
 0.36793
 0.55953
 0.98422
 0.72420
 0.80527
 0.94924
 0.86576
 0.86643
 0.95678
 0.69214
 0.89642
 0.85985
 0.48491
 0.91028
 0.64358
 0.79156
 0.97530
 0.73188
 0.48255
 0.83581
 0.31180
 0.62181
 0.69459
 0.53326
 0.10001
 0.33777
 0.61736
 0.96037
 0.63547
 0.97132
 0.55196
 0.72162
 0.37531
 0.97215
 0.86059
 0.95304
 0.80473
 0.50822
 0.61203
 0.61882
 0.98401
 0.60990
 0.95274
 0.21313
 0.69957
 0.58382
 0.47250
 0.94946
 0.63811
 0.35440
 0.26188
 0.55097
 0.82410
 0.28919
 0.12253
 0.73665
 0.76939
 0.81368
 0.57337
 0.56470
 0.88985
 0.70710
 0.62677
 0.76614
 0.64934
 0.98600
 0.99619
 0.99201
 0.48532
 0.55320
 0.49317
 0.79017
 0.58264
 0.55617
 0.96669
 0.53608
 0.46790
 0.92060
 0.37286
 0.14762
 0.21297
 0.69923
 0.91984
 0.60607
 0.87282
 0.07896
 0.51730
 0.91855
 0.85814
 0.45822
 0.98576
 0.75527
 0.51815
 0.98365
 0.94502
 0.29676
 0.32504
 0.89493
 0.96447
 0.21237
 0.54474
 0.58519
 0.56681
 0.91813
 0.85967
 0.91652
 0.94003
 0.33019
 0.81796
 0.44382
 0.70459
 0.94616
 0.62076
 0.96544
 0.82713
 0.90840
 0.98392
 0.96061
 0.14557
 0.77911
 0.82719
 0.50882
 0.43767
 0.59768
 0.84123
 0.54718
 0.82730
 0.39006
 0.43204
 0.91907
 0.82002
 0.72783
 0.51741
 0.92030
 0.46345
 0.87029
 0.51782
 0.86743
 0.42166
 0.93924
 0.61381
 0.98509
 0.85872
 0.70332
 0.90982
 0.73812
 0.62400
 0.99941
 0.81764
 0.70955
 0.75557
 0.23413
 0.96149
 0.21739
 0.87670
 0.42106
 0.90561
 0.44404
 0.63951
 0.53354
 0.48506
 0.90957
 0.49927
 0.90426
 0.85554
 0.82138
 0.90472
 0.73265
 0.41281
 0.59126
 0.30097
 0.87849
 0.66713
 0.45063
 0.69683
 0.80261
 0.40662
 0.16045
 0.98380
 0.18381
 0.31325
 0.76392
 0.88131
 0.88457
 0.61392
 0.82252
 0.47567
 0.55074
 0.99925
 0.77723
 0.44748
 0.20955
 0.36742
 0.30629
 0.72579
 0.88514
 0.91284
 0.89712
 0.61872
 0.85722
 0.52927
 0.58797
 0.74427
 0.91129
 0.43263
 0.65385
 0.74524
 0.96289
 0.71469
 0.92806
 0.72354
 0.84907
 0.73113
 0.68595
 0.38970
 0.39023
 0.57896
 0.33325
 0.85071
 0.61737
 0.99948
 0.79659
 0.99587
 0.75730
 0.62447
 0.79149
 0.67029
 0.99259
 0.76653
 0.53544
 0.92154
 0.29027
 0.93985
 0.13200
 0.59479
 0.95176
 0.82742
 0.67903
 0.72787
 0.87732
 0.71531
 0.45863
 0.84106
 0.89310
 0.50526
 0.39423
 0.24595
 0.71829
 0.70817
 0.62776
 0.89690
 0.95820
 0.96086
 0.83608
 0.35605
 0.94729
 0.79135
 0.49454
 0.86987
 0.51108
 0.96634
 0.75731
 0.30879
 0.19013
 0.42800
 0.35697
 0.53710
 0.56801
 0.81730
 0.60341
 0.38417
 0.72502
 0.56433
 0.98267
 0.28546
 0.52847
 0.81468
 0.39788
 0.99742
 0.89359
 0.79616
 0.59546
 0.47238
 0.90699
 0.40870
 0.22844
 0.99964
 0.80000
 0.88262
 0.29433
 0.87218
 0.83209
 0.86754
 0.84538
 0.97670
 0.38467
 0.84727
 0.85776
 0.95345
 0.65043
 0.88497
 0.14367
 0.57809
 0.84955
 0.71430
 0.49012
 0.78255
 0.60335
 0.63899
 0.81052
 0.74956
 0.42574
 0.98417
 0.55206
 0.75452
 0.90478
 0.57300
 0.94582
 0.47889
 0.84887
 0.74015
 0.76120
 0.84371
 0.62193
 0.94406
 0.71125
 0.44645
 0.05328
 0.63563
 0.70073
 0.57554
 0.84753
 0.65488
 0.42991
 0.39574
 0.84987
 0.36776
 0.93407
 0.22579
 0.35455
 0.29664
 0.97816
 0.78879
 0.54419
 0.98984
 0.95796
 0.88983
 0.51003
 0.54396
 0.54985
 0.96433
 0.39982
 0.56940
 0.71315
 0.88816
 0.23241
 0.52429
 0.55263
 0.78677
 0.32632
 0.42948
 0.45850
 0.90517
 0.93621
 0.93403
 0.77319
 0.70700
 0.87470
 0.97000
 0.94291
 0.37176
 0.58393
 0.48703
 0.59625
 0.53200
 0.77543
 0.44771
 0.79289
 0.49964
 0.82424
 0.29822
 0.57144
 0.37193
 0.97959
 0.89012
 0.96196
 0.44155
 0.91179
 0.80540
 0.38121
 0.56812
 0.14536
 0.72028
 0.21492
 0.44241
 0.68899
 0.88863
 0.89335
 0.90763
 0.65453
 0.90262
 0.86559
 0.74270
 0.96806
 0.85057
 0.72288
 0.84366
 0.70277
 0.51385
 0.68948
 0.81746
 0.98847
 0.80238
 0.73681
 0.12049
 0.76353
 0.84318
 0.81534
 0.89841
 0.81380
 0.67379
 0.33424
 0.81314
 0.83769
 0.52894
 0.97085
 0.77220
 0.63964
 0.86933
 0.88809
 0.93100
 0.86284
 0.76035
 0.67326
 0.61308
 0.50056
 0.83480
 0.84737
 0.21324
 0.95306
 0.35133
 0.87776
 0.90099
 0.61904
 0.92767
 0.97195
 0.95028
 0.32915
 0.74211
 0.69840
 0.40548
 0.61034
 0.53897
 0.62006
 0.99039
 0.87373
 0.90409
 0.09954
 0.78105
 0.84122
 0.68992
 0.18168
 0.80582
 0.54104
 0.59399
 0.70151
 0.90560
 0.78238
 0.78592
 0.32667
 0.37332
 0.79937
 0.83261
 0.59560
 0.77495
 0.50061
 0.48452
 0.13476
 0.70902
 0.40105
 0.94663
 0.95791
 0.94811
 0.86894
 0.83088
 0.84867
 0.28100
 0.20756
 0.26150
 0.43395
 0.58940
 0.94154
 0.53653
 0.90086
 0.94462
 0.97798
 0.62202
 0.78629
 0.60752
 0.61002
 0.81995
 0.90571
 0.73177
 0.95023
 0.65549
 0.83088
 0.97330
 0.40305
 0.81811
 0.24444
 0.92208
 0.84916
 0.99659
 0.70197
 0.84568
 0.82249
 0.44161
 0.55639
 0.82563
 0.73678
 0.67103
 0.35572
 0.80966
 0.63184
 0.67643
 0.22451
 0.84829
 0.78550
 0.91895
 0.56453
 0.54801
 0.50346
 0.68060
 0.53644
 0.97474
 0.58464
 0.45631
 0.63120
 0.81962
 0.14541
 0.47111
 0.70428
 0.95639
 0.67819
 0.13233
 0.94754
 0.75805
 0.48875
 0.35257
 0.62033
 0.52809
 0.91989
 0.32723
 0.92498
 0.77956
 0.93718
 0.80384
 0.66545
 0.53976
 0.89122
 0.83238
 0.90674
 0.91782
 0.68320
 0.90576
 0.36927
 0.89169
 0.79378
 0.41882
 0.79730
 0.43112
 0.91858
 0.28139
 0.88260
 0.89182
 0.65958
 0.67929
 0.94756
 0.26472
 0.57913
 0.39828
 0.89324
 0.61259
 0.33693
 0.78781
 0.56388
 0.21853
 0.80302
 0.56239
 0.94134
 0.96576
 0.98932
 0.82008
 0.88714
 0.94661
 0.76861
 0.56802
 0.48250
 0.64623
 0.80095
 0.81008
 0.37133
 0.37147
 0.62001
 0.24824
 0.73813
 0.64801
 0.99510
 0.88636
 0.98994
 0.52462
 0.91815
 0.68159
 0.43122
 0.63603
 0.81422
 0.29702
 0.42595
 0.79457
 0.70802
 0.76125
 0.91881
 0.59058
 0.70086
 0.17587
 0.93095
 0.76628
 0.58207
 0.74488
 0.95974
 0.41288
 0.80201
 0.76435
 0.95238
 0.71779
 0.85268
 0.45868
 0.92463
 0.31063
 0.26470
 0.93195
 0.55876
 0.47442
 0.96762
 0.80980
 0.75390
 0.84991
 0.07678
 0.44345
 0.48469
 0.79133
 0.24632
 0.75021
 0.98699
 0.86044
 0.76203
 0.92260
 0.98149
 0.43861
 0.16469
 0.82693
 0.84809
 0.89775
 0.87545
 0.61360
 0.83823
 0.78500
 0.42676
 0.66319
 0.68967
 0.64883
 0.45844
 0.79517
 0.76352
 0.97248
 0.71550
 0.25961
 0.74257
 0.81062
 0.55997
 0.74828
 0.71602
 0.90810
 0.68570
 0.03331
 0.89855
 0.98901
 0.15583
 0.75470
 0.09255
 0.82087
 0.10637
 0.45610
 0.93865
 0.94768
 0.14903
 0.84974
 0.33378
 0.92966
 0.68121
 0.74076
 0.36345
 0.66173
 0.98750
 0.35951
 0.82405
 0.36468
 0.68128
 0.95434
 0.51898
 0.53280
 0.50803
 0.48856
 0.67874
 0.63170
 0.61767
 0.45900
 0.15807
 0.40319
 0.39442
 0.54180
 0.80976
 0.46443
 0.83851
 0.39524
 0.76168
 0.99812
 0.74615
 0.30559
 0.97472
 0.54744
 0.78455
 0.65806
 0.96813
 0.76953
 0.85092
 0.85480
 0.60539
 0.82924
 0.64969
 0.95410
 0.50566
 0.74915
 0.83084
 0.51650
 0.61762
 0.74852
 0.93296
 0.89573
 0.41402
 0.81980
 0.42443
 0.49488
 0.89631
 0.68966
 0.98152
 0.77235
 0.39183
 0.97231
 0.36896
 0.49907
 0.47236
 0.32461
 0.54834
 0.92382
 0.82061
 0.41473
 0.87635
 0.33259
 0.45039
 0.16356
 0.82232
 0.84072
 0.81768
 0.82345
 0.85694
 0.93531
 0.14111
 0.77662
 0.80170
 0.98934
 0.88670
 0.56908
 0.62587
 0.75406
 0.87644
 0.58543
 0.63699
 0.67107
 0.98185
 0.73336
 0.97215
 0.90876
 0.83330
 0.74354
 0.48801
 0.53343
 0.94072
 0.84916
 0.89261
 0.96696
 0.64037
 0.87642
 0.47147
 0.86967
 0.74519
 0.94720
 0.72317
 0.96682
 0.62458
 0.57092
 0.56971
 0.37700
 0.89574
 0.66852
 0.71832
 0.90886
 0.25937
 0.17300
 0.76600
 0.96921
 0.80806
 0.49455
 0.94336
 0.63332
 0.61146
 0.77162
 0.88150
 0.64439
 0.42595
 0.78678
 0.49309
 0.59546
 0.79187
 0.73504
 0.56128
 0.39297
 0.24934
 0.53014
 0.94715
 0.69004
 0.73633
 0.33280
 0.51766
 0.43318
 0.93412
 0.81631
 0.60613
 0.56372
 0.77559
 0.68921
 0.33168
 0.30601
 0.56115
 0.50979
 0.31963
 0.88166
 0.15999
 0.57791
 0.33532
 0.68478
 0.68050
 0.29450
 0.75033
 0.27745
 0.91798
 0.94736
 0.81897
 0.31887
 0.83101
 0.72896
 0.86936
 0.75668
 0.88878
 0.90036
 0.96991
 0.47477
 0.79646
 0.79382
 0.93167
 0.89108
 0.96966
 0.75198
 0.94715
 0.83210
 0.56924
 0.74323
 0.31727
 0.88231
 0.53730
 0.92992
 0.63790
 0.77156
 0.97684
 0.43169
 0.92361
 0.75138
 0.59148
 0.75039
 0.57849
 0.70721
 0.90454
 0.49634
 0.63291
 0.57566
 0.21131
 0.99925
 0.15504
 0.37929
 0.86054
 0.72080
 0.80687
 0.86638
 0.08596
 0.43799
 0.90092
 0.92825
 0.68487
 0.58461
 0.40430
 0.54091
 0.63143
 0.87634
 0.49670
 0.46871
 0.49633
 0.91049
 0.98845
 0.63867
 0.20956
 0.74612
 0.72380
 0.68238
 0.78009
 0.97060
 0.31958
 0.93999
 0.60680
 0.80242
 0.95170
 0.63055
 0.77248
 0.57200
 0.85910
 0.28012
 0.57851
 0.86583
 0.87887
 0.42769
 0.70367
 0.85019
 0.90182
 0.23817
 0.46539
 0.90323
 0.91086
 0.16128
 0.74864
 0.34907
 0.70700
 0.84890
 0.70527
 0.69359
 0.33747
 0.72051
 0.70447
 0.84294
 0.42539
 0.30436
 0.31133
 0.54498
 0.66723
 0.17711
 0.84628
 0.75092
 0.80867
 0.56467
 0.87940
 0.43167
 0.45701
 0.73304
 0.58180
 0.86683
 0.53927
 0.83014
 0.97000
 0.54693
 0.51732
 0.92885
 0.52347
 0.33674
 0.95011
 0.62486
 0.52113
 0.83887
 0.39204
 0.59799
 0.50769
 0.20672
 0.67099
 0.47215
 0.92005
 0.63003
 0.65952
 0.62534
 0.39959
 0.52975
 0.56872
 0.29534
 0.73906
 0.75090
 0.89599
 0.77207
 0.66080
 0.74069
 0.68287
 0.93810
 0.28559
 0.83453
 0.92347
 0.80772
 0.22096
 0.72251
 0.51477
 0.70290
 0.64473
 0.94575
 0.50757
 0.49414
 0.84467
 0.52509
 0.52487
 0.58039
 0.92331
 0.54203
 0.63606
 0.82708
 0.83806
 0.83344
 0.75148
 0.97516
 0.96379
 0.13927
 0.63569
 0.70453
 0.99115
 0.55262
 0.72472
 0.93237
 0.11137
 0.52383
 0.51662
 0.74046
 0.55435
 0.96995
 0.65744
 0.88627
 0.66744
 0.96563
 0.31100
 0.33276
 0.75232
 0.43045
 0.65493
 0.76743
 0.79905
 0.28688
 0.66727
 0.83760
 0.70624
 0.52715
 0.98105
 0.25914
 0.55959
 0.92017
 0.95148
 0.89798
 0.35347
 0.85561
 0.82369
 0.58626
 0.90315
 0.47408
 0.45646
 0.73395
 0.69398
 0.66889
 0.75242
 0.47271
 0.96469
 0.50692
 0.16814
 0.80194
 0.71858
 0.98289
 0.95041
 0.38191
 0.77429
 0.95887
 0.50342
 0.97621
 0.56275
 0.82389
 0.29456
 0.79501
 0.91008
 0.72072
 0.40597
 0.92798
 0.99811
 0.91038
 0.71783
 0.69207
 0.97128
 0.37389
 0.81239
 0.87301
 0.67827
 0.84609
 0.54899
 0.84516
 0.34457
 0.09261
 0.91780
 0.53655
 0.39892
 0.93803
 0.35318
 0.62919
 0.96824
 0.93835
 0.81511
 0.49309
 0.69861
 0.82586
 0.20533
 0.90161
 0.76598
 0.08398
 0.73415
 0.51423
 0.67573
 0.96999
 0.29460
 0.98828
 0.80555
 0.67294
 0.25508
 0.83408
 0.92636
 0.65740
 0.40378
 0.46752
 0.61923
 0.84023
 0.74283
 0.67824
 0.97578
 0.53780
 0.96207
 0.60202
 0.88471
 0.70272
 0.95326
 0.84966
 0.66566
 0.89633
 0.56486
 0.41090
 0.45177
 0.64193
 0.71920
 0.92167
 0.92328
 0.60569
 0.97695
 0.99831
 0.21785
 0.78198
 0.46781
 0.79554
 0.85540
 0.74045
 0.69109
 0.84028
 0.31008
 0.65317
 0.84614
 0.78795
 0.77744
 0.69111
 0.75806
 0.44069
 0.75082
 0.68796
 0.68959
 0.83703
 0.97107
 0.54789
 0.75693
 0.69774
 0.50642
 0.60190
 0.98062
 0.47981
 0.71141
 0.45439
 0.78933
 0.35901
 0.31095
 0.88136
 0.06790
 0.60786
 0.70955
 0.84723
 0.75612
 0.86350
 0.81082
 0.63196
 0.52083
 0.72126
 0.89090
 0.71832
 0.54610
 0.90353
 0.61464
 0.98463
 0.59424
 0.44548
 0.45773
 0.84809
 0.48633
 0.96632
 0.86870
 0.22756
 0.41502
 0.55994
 0.54332
 0.89424
 0.33304
 0.39128
 0.70687
 0.82518
 0.82935
 0.42354
 0.42322
 0.86140
 0.85017
 0.81804
 0.86203
 0.94030
 0.95060
 0.84412
 0.81121
 0.88940
 0.96470
 0.28932
 0.68784
 0.63993
 0.71081
 0.33995
 0.98011
 0.50970
 0.33501
 0.38595
 0.77544
 0.65666
 0.67345
 0.75050
 0.67061
 0.74332
 0.96227
 0.98027
 0.25397
 0.99046
 0.57657
 0.54032
 0.49767
 0.96331
 0.78832
 0.16342
 0.94320
 0.39868
 0.88535
 0.79581
 0.74463
 0.02355
 0.52006
 0.88622
 0.97828
 0.80992
 0.55413
 0.40206
 0.63331
 0.95139
 0.88389
 0.31828
 0.71117
 0.61155
 0.54336
 0.88044
 0.12711
 0.57513
 0.09376
 0.16203
 0.69140
 0.66918
 0.93183
 0.43915
 0.72550
 0.75091
 0.94267
 0.83555
 0.14263
 0.37446
 0.59047
 0.45789
 0.80582
 0.99728
 0.73478
 0.87969
 0.89315
 0.14358
 0.96219
 0.86153
 0.85548
 0.97511
 0.78545
 0.48770
 0.42983
 0.85937
 0.74339
 0.68985
 0.66886
 0.44357
 0.92021
 0.43730
 0.88169
 0.90816
 0.22911
 0.46903
 0.34258
 0.59276
 0.55105
 0.72648
 0.76828
 0.91076
 0.76191
 0.62842
 0.86984
 0.18106
 0.42452
 0.97399
 0.55652
 0.97865
 0.40177
 0.58427
 0.89732
 0.92824
 0.90763
 0.99599
 0.50079
 0.65751
 0.96106
 0.79908
 0.60206
 0.97898
 0.34639
 0.56922
 0.48150
 0.78559
 0.90016
 0.62123
 0.74952
 0.90446
 0.64940
 0.42355
 0.54053
 0.58804
 0.84293
 0.95226
 0.84880
 0.70578
 0.53560
 0.78131
 0.82742
 0.48540
 0.75538
 0.73013
 0.92556
 0.58237
 0.90802
 0.72290
 0.27257
 0.48880
 0.32066
 0.61312
 0.66838
 0.55172
 0.29901
 0.87951
 0.53568
 0.95802
 0.55111
 0.34245
 0.83062
 0.92794
 0.45892
 0.76565
 0.34966
 0.87892
 0.69592
 0.89607
 0.49758
 0.69444
 0.90031
 0.46735
 0.35852
 0.94490
 0.99351
 0.74725
 0.90680
 0.77086
 0.13281
 0.55037
 0.75006
 0.55242
 0.14933
 0.92733
 0.51585
 0.69604
 0.92514
 0.24249
 0.68947
 0.88335
 0.39259
 0.63950
 0.47377
 0.92991
 0.47035
 0.97812
 0.98730
 0.88949
 0.66671
 0.86766
 0.55611
 0.90799
 0.96473
 0.51395
 0.63402
 0.86956
 0.73127
 0.71458
 0.59678
 0.97125
 0.89728
 0.82008
 0.73985
 0.67326
 0.53505
 0.23733
 0.91983
 0.91809
 0.80410
 0.86169
 0.83542
 0.67700
 0.90114
 0.90536
 0.37538
 0.11292
 0.77450
 0.96500
 0.13204
 0.28585
 0.59530
 0.23508
 0.91612
 0.86930
 0.52159
 0.48547
 0.85073
 0.70026
 0.41370
 0.73079
 0.92042
 0.93678
 0.47591
 0.32525
 0.45004
 0.82700
 0.96791
 0.82242
 0.37526
 0.69676
 0.98189
 0.75172
 0.94261
 0.79457
 0.68266
 0.32563
 0.18456
 0.80310
 0.91613
 0.84526
 0.92853
 0.37915
 0.58145
 0.34035
 0.37666
 0.72197
 0.73508
 0.51006
 0.67320
 0.58171
 0.78890
 0.73142
 0.90911
 0.57525
 0.84885
 0.96693
 0.99439
 0.65651
 0.98992
 0.77458
 0.69850
 0.85974
 0.92366
 0.84253
 0.22723
 0.90215
 0.12725
 0.68637
 0.72299
 0.79870
 0.87423
 0.85304
 0.85792
 0.64837
 0.30957
 0.37801
 0.87320
 0.83444
 0.69317
 0.80781
 0.63607
 0.45515
 0.90565
 0.99220
 0.53157
 0.55400
 0.40290
 0.77277
 0.84955
 0.61382
 0.87611
 0.89560
 0.86949
 0.41104
 0.87988
 0.51015
 0.55044
 0.96655
 0.91096
 0.61452
 0.65890
 0.56239
 0.82499
 0.87810
 0.91260
 0.96630
 0.26374
 0.26900
 0.49915
 0.88537
 0.93854
 0.95358
 0.78416
 0.32568
 0.94763
 0.65507
 0.60821
 0.91948
 0.86405
 0.58815
 0.90432
 0.92291
 0.55771
 0.95540
 0.64317
 0.87294
 0.90242
 0.12041
 0.87034
 0.57149
 0.80025
 0.87567
 0.35882
 0.72188
 0.42797
 0.74706
 0.77633
 0.99652
 0.90581
 0.43038
 0.88836
 0.87080
 0.58985
 0.69125
 0.65362
 0.37591
 0.81817
 0.86589
 0.72745
 0.88295
 0.73488
 0.97235
 0.67077
 0.99115
 0.51508
 0.66020
 0.13574
 0.70085
 0.12665
 0.67566
 0.27305
 0.67760
 0.61260
 0.14968
 0.61580
 0.64986
 0.35514
 0.85005
 0.57854
 0.34988
 0.80782
 0.10048
 0.79247
 0.72866
 0.71535
 0.49813
 0.96948
 0.91252
 0.62326
 0.39943
 0.90519
 0.95511
 0.31977
 0.91797
 0.57092
 0.73748
 0.69022
 0.13080
 0.51703
 0.68926
 0.54996
 0.89118
 0.34210
 0.99644
 0.90295
 0.54613
 0.59051
 0.21100
 0.65994
 0.33122
 0.95652
 0.79023
 0.51034
 0.88919
 0.69114
 0.28426
 0.61110
 0.75331
 0.92001
 0.95959
 0.69319
 0.96439
 0.45693
 0.40837
 0.41151
 0.64810
 0.49147
 0.99592
 0.86260
 0.71293
 0.25481
 0.70651
 0.89397
 0.68707
 0.40662
 0.96412
 0.48583
 0.99890
 0.75469
 0.58396
 0.87849
 0.68573
 0.17448
 0.48961
 0.71740
 0.94606
 0.48063
 0.78914
 0.73366
 0.69509
 0.68706
 0.42046
 0.58581
 0.69317
 0.53824
 0.93937
 0.73908
 0.84324
 0.75423
 0.96650
 0.52659
 0.41543
 0.56699
 0.86214
 0.93047
 0.92196
 0.74285
 0.83445
 0.84968
 0.93781
 0.79675
 0.79234
 0.76352
 0.03649
 0.74248
 0.70620
 0.64056
 0.69523
 0.77250
 0.51812
 0.49118
 0.36373
 0.20617
 0.94379
 0.36439
 0.53097
 0.44370
 0.26060
 0.67576
 0.72544
 0.82920
 0.98942
 0.90344
 0.38724
 0.60437
 0.59595
 0.93833
 0.87595
 0.57717
 0.60834
 0.58553
 0.28214
 0.52197
 0.34720
 0.42854
 0.57009
 0.97590
 0.19610
 0.66512
 0.94846
 0.89618
 0.40153
 0.04586
 0.93627
 0.51883
 0.88910
 0.49288
 0.72739
 0.54230
 0.75253
 0.60847
 0.63677
 0.58204
 0.92891
 0.52430
 0.98157
 0.75815
 0.91559
 0.14396
 0.43607
 0.41498
 0.56876
 0.93880
 0.57838
 0.40631
 0.34922
 0.71874
 0.71833
 0.82433
 0.82915
 0.33934
 0.87556
 0.65848
 0.47769
 0.48619
 0.42631
 0.76200
 0.73117
 0.63146
 0.97103
 0.47064
 0.46808
 0.99161
 0.74038
 0.95407
 0.38423
 0.14316
 0.92027
 0.52647
 0.15403
 0.71856
 0.67990
 0.24594
 0.99027
 0.94857
 0.46829
 0.39041
 0.39196
 0.47332
 0.82348
 0.30486
 0.80781
 0.80879
 0.70846
 0.44481
 0.49512
 0.19934
 0.92712
 0.77592
 0.91184
 0.66853
 0.75855
 0.85535
 0.75685
 0.91303
 0.55218
 0.40336
 0.35836
 0.81196
 0.80594
 0.68375
 0.74515
 0.48500
 0.91017
 0.87533
 0.99739
 0.34261
 0.38820
 0.59728
 0.69120
 0.19211
 0.72937
 0.70647
 0.77187
 0.49566
 0.98927
 0.36683
 0.51719
 0.46637
 0.54689
 0.96770
 0.94379
 0.78891
 0.94314
 0.27378
 0.43142
 0.48745
 0.57252
 0.69966
 0.36786
 0.65249
 0.98332
 0.80963
 0.75516
 0.89569
 0.55663
 0.76575
 0.29242
 0.55595
 0.36466
 0.61524
 0.85351
 0.98477
 0.55753
 0.93027
 0.59610
 0.49885
 0.95432
 0.75004
 0.69212
 0.72729
 0.45260
 0.54744
 0.81953
 0.29028
 0.40606
 0.62759
 0.75412
 0.73675
 0.82688
 0.61947
 0.77655
 0.86128
 0.82737
 0.42936
 0.66057
 0.75287
 0.73602
 0.55988
 0.59464
 0.45626
 0.49512
 0.25394
 0.91328
 0.90238
 0.76226
 0.93178
 0.67596
 0.85985
 0.54379
 0.98299
 0.46994
 0.81769
 0.84272
 0.47555
 0.34348
 0.33801
 0.18221
 0.98986
 0.73349
 0.60091
 0.25657
 0.67166
 0.56634
 0.68826
 0.42591
 0.70840
 0.91332
 0.94048
 0.88680
 0.70559
 0.95006
 0.84323
 0.61030
 0.26804
 0.97004
 0.13534
 0.66946
 0.94363
 0.77068
 0.42430
 0.90193
 0.39802
 0.90380
 0.82833
 0.61029
 0.35572
 0.56873
 0.91928
 0.88224
 0.51781
 0.85334
 0.80585
 0.77839
 0.37597
 0.13161
 0.89663
 0.90357
 0.58593
 0.93287
 0.83449
 0.74230
 0.86374
 0.75705
 0.57328
 0.67851
 0.43791
 0.95428
 0.22029
 0.86603
 0.68397
 0.86786
 0.65342
 0.85427
 0.66701
 0.91494
 0.99138
 0.08619
 0.74444
 0.99728
 0.41766
 0.95637
 0.53916
 0.25749
 0.54976
 0.54291
 0.99318
 0.30448
 0.96818
 0.51352
 0.88291
 0.61391
 0.78928
 0.69566
 0.61195
 0.23251
 0.91516
 0.29220
 0.72449
 0.78849
 0.96265
 0.76496
 0.51781
 0.86452
 0.96968
 0.76195
 0.99647
 0.78696
 0.03186
 0.97193
 0.72999
 0.68919
 0.82333
 0.40386
 0.48043
 0.41283
 0.73432
 0.80285
 0.38665
 0.82634
 0.87791
 0.51296
 0.78976
 0.99413
 0.57952
 0.58338
 0.66048
 0.61276
 0.73720
 0.59233
 0.63502
 0.14759
 0.96005
 0.94937
 0.79026
 0.95559
 0.87416
 0.62934
 0.29714
 0.97012
 0.51880
 0.39647
 0.17837
 0.66671
 0.62830
 0.81582
 0.76277
 0.47999
 0.62998
 0.85295
 0.57724
 0.38945
 0.29717
 0.82048
 0.84497
 0.93485
 0.95149
 0.66081
 0.85771
 0.36256
 0.79089
 0.72004
 0.62585
 0.88933
 0.81939
 0.97984
 0.22813
 0.70155
 0.98485
 0.45512
 0.71161
 0.88940
 0.28474
 0.92924
 0.67809
 0.27904
 0.72542
 0.66249
 0.97346
 0.67825
 0.98617
 0.68613
 0.80346
 0.73989
 0.98130
 0.94398
 0.46146
 0.64224
 0.31895
 0.71020
 0.69294
 0.80724
 0.65243
 0.63358
 0.41372
 0.61450
 0.77153
 0.60036
 0.60742
 0.53693
 0.43285
 0.80017
 0.49133
 0.94180
 0.92911
 0.91397
 0.71964
 0.56210
 0.43377
 0.89878
 0.58172
 0.81405
 0.61303
 0.52865
 0.96340
 0.85226
 0.29953
 0.59549
 0.46207
 0.90574
 0.93163
 0.96688
 0.22199
 0.79963
 0.83798
 0.36658
 0.70487
 0.52952
 0.66026
 0.33589
 0.63231
 0.85967
 0.40256
 0.81772
 0.98987
 0.89317
 0.43978
 0.95441
 0.78552
 0.31735
 0.17085
 0.56245
 0.92621
 0.81476
 0.93563
 0.64984
 0.74631
 0.17609
 0.73135
 0.73152
 0.79434
 0.47218
 0.97223
 0.29732
 0.53466
 0.69940
 0.79469
 0.17210
 0.87465
 0.91820
 0.15997
 0.20045
 0.17377
 0.05563
 0.26504
 0.50717
 0.35774
 0.70071
 0.54415
 0.65663
 0.92466
 0.98498
 0.97683
 0.64669
 0.86980
 0.61347
 0.62001
 0.51658
 0.91752
 0.89604
 0.57654
 0.24759
 0.57571
 0.36603
 0.90233
 0.94942
 0.45070
 0.68808
 0.58894
 0.62227
 0.86733
 0.61852
 0.74591
 0.85518
 0.35113
 0.76896
 0.54533
 0.96576
 0.35450
 0.81125
 0.07902
 0.54761
 0.87359
 0.30992
 0.65126
 0.96908
 0.95341
 0.75774
 0.57345
 0.31278
 0.18441
 0.41544
 0.80738
 0.66679
 0.69634
 0.98194
 0.80416
 0.96490
 0.37567
 0.92985
 0.67587
 0.12937
 0.36664
 0.93188
 0.89880
 0.35067
 0.99030
 0.91795
 0.96642
 0.55800
 0.28875
 0.31563
 0.52603
 0.64812
 0.89306
 0.80791
 0.76016
 0.20541
 0.63098
 0.50742
 0.35707
 0.11096
 0.57783
 0.33833
 0.97922
 0.39874
 0.42257
 0.41524
 0.90270
 0.84461
 0.76677
 0.63393
 0.31820
 0.64977
 0.57517
 0.97327
 0.44514
 0.40184
 0.21444
 0.86867
 0.69985
 0.26801
 0.21842
 0.85311
 0.33696
 0.99067
 0.44641
 0.61535
 0.39975
 0.90620
 0.72792
 0.38321
 0.32497
 0.71241
 0.83737
 0.77991
 0.57376
 0.54470
 0.86639
 0.64607
 0.85725
 0.58682
 0.66825
 0.20846
 0.75967
 0.85242
 0.24731
 0.99703
 0.40020
 0.66606
 0.29273
 0.40447
 0.96304
 0.51491
 0.90724
 0.78518
 0.13787
 0.72184
 0.73242
 0.70422
 0.42966
 0.66314
 0.44340
 0.91819
 0.70312
 0.78629
 0.98482
 0.33513
 0.96352
 0.87512
 0.84978
 0.84711
 0.61136
 0.60825
 0.93841
 0.98251
 0.41698
 0.68512
 0.69826
 0.67142
 0.63123
 0.71693
 0.99523
 0.52691
 0.55333
 0.91050
 0.66971
 0.76237
 0.95698
 0.47715
 0.55339
 0.96075
 0.85594
 0.34836
 0.86126
 0.86395
 0.88512
 0.88232
 0.87786
 0.58862
 0.55836
 0.89120
 0.77551
 0.88890
 0.63262
 0.81893
 0.88013
 0.97241
 0.70968
 0.94339
 0.52948
 0.30219
 0.85660
 0.37175
 0.11569
 0.77363
 0.29041
 0.66200
 0.79674
 0.82093
 0.87089
 0.84311
 0.54711
 0.88258
 0.99707
 0.59466
 0.78611
 0.88639
 0.87995
 0.77865
 0.54613
 0.91298
 0.33296
 0.63288
 0.74239
 0.96702
 0.34695
 0.45847
 0.84734
 0.99004
 0.55809
 0.88859
 0.60134
 0.99659
 0.87169
 0.89088
 0.99850
 0.88830
 0.26529
 0.73340
 0.21306
 0.88366
 0.95714
 0.90080
 0.93166
 0.88976
 0.47058
 0.66385
 0.47380
 0.91294
 0.99665
 0.46674
 0.58532
 0.85985
 0.77410
 0.56744
 0.30880
 0.95860
 0.86168
 0.92031
 0.81208
 0.91986
 0.35187
 0.65668
 0.98844
 0.86813
 0.93073
 0.70104
 0.35381
 0.91634
 0.86644
 0.78453
 0.95516
 0.85833
 0.95709
 0.40064
 0.92248
 0.24049
 0.75674
 0.77806
 0.69115
 0.42514
 0.45489
 0.88972
 0.31617
 0.23135
 0.98237
 0.84877
 0.89543
 0.85305
 0.49880
 0.59724
 0.97459
 0.98811
 0.73344
 0.72677
 0.62886
 0.70256
 0.92557
 0.95900
 0.53545
 0.46542
 0.96659
 0.94795
 0.88689
 0.05079
 0.71209
 0.45066
 0.31634
 0.44007
 0.88576
 0.77656
 0.40806
 0.59190
 0.64443
 0.90730
 0.78583
 0.83660
 0.55778
 0.72275
 0.81085
 0.67436
 0.60554
 0.68927
 0.99562
 0.53757
 0.90070
 0.56373
 0.94679
 0.94656
 0.77198
 0.77744
 0.97277
 0.67265
 0.25967
 0.70365
 0.84778
 0.69616
 0.96889
 0.28848
 0.39871
 0.52248
 0.53837
 0.49100
 0.98517
 0.84758
 0.93044
 0.73231
 0.65354
 0.25674
 0.90547
 0.46814
 0.75497
 0.71991
 0.15477
 0.93898
 0.85084
 0.17159
 0.91016
 0.47790
 0.89384
 0.91734
 0.42612
 0.99717
 0.68478
 0.76962
 0.96355
 0.51029
 0.51948
 0.97225
 0.50067
 0.60447
 0.97735
 0.54874
 0.53241
 0.68251
 0.53997
 0.52127
 0.79573
 0.91112
 0.98638
 0.86582
 0.98878
 0.86553
 0.70908
 0.77996
 0.68109
 0.67822
 0.57689
 0.31158
 0.25918
 0.58350
 0.74507
 0.95709
 0.59606
 0.57908
 0.40148
 0.41442
 0.87550
 0.82017
 0.90199
 0.93733
 0.97247
 0.83196
 0.67116
 0.12216
 0.80238
 0.90271
 0.56711
 0.53374
 0.45814
 0.87081
 0.49298
 0.53515
 0.70535
 0.78974
 0.55791
 0.96124
 0.69152
 0.83038
 0.96141
 0.28829
 0.97695
 0.89896
 0.74316
 0.50077
 0.72322
 0.90525
 0.91545
 0.32433
 0.61760
 0.63280
 0.97769
 0.50876
 0.55716
 0.29766
 0.77739
 0.45758
 0.32686
 0.70673
 0.59246
 0.98352
 0.83022
 0.17697
 0.93827
 0.07894
 0.51606
 0.65212
 0.69875
 0.44130
 0.98570
 0.83075
 0.79111
 0.92487
 0.38744
 0.56756
 0.71373
 0.82341
 0.05297
 0.72475
 0.28835
 0.80001
 0.60745
 0.80073
 0.82971
 0.77960
 0.94050
 0.90894
 0.78200
 0.82093
 0.98593
 0.72524
 0.27348
 0.60073
 0.32637
 0.82260
 0.69348
 0.55177
 0.35075
 0.92225
 0.11066
 0.74685
 0.88577
 0.71686
 0.98326
 0.60602
 0.92303
 0.65880
 0.73452
 0.83394
 0.45017
 0.36554
 0.25211
 0.83898
 0.82144
 0.02738
 0.85671
 0.98891
 0.89659
 0.69199
 0.32706
 0.83594
 0.91505
 0.95620
 0.71915
 0.89744
 0.78600
 0.95336
 0.48486
 0.74908
 0.87791
 0.90293
 0.94908
 0.57624
 0.47656
 0.42389
 0.76217
 0.96689
 0.78058
 0.73396
 0.46800
 0.40542
 0.84812
 0.27160
 0.28538
 0.60456
 0.80705
 0.34597
 0.99670
 0.25338
 0.92420
 0.37623
 0.60982
 0.54585
 0.92973
 0.77452
 0.42713
 0.79450
 0.11429
 0.64068
 0.98752
 0.79516
 0.72496
 0.57121
 0.75332
 0.80680
 0.94230
 0.79808
 0.92304
 0.99612
 0.76347
 0.51874
 0.34860
 0.24865
 0.67365
 0.80437
 0.91059
 0.46530
 0.89384
 0.69050
 0.74557
 0.16439
 0.23670
 0.70663
 0.67207
 0.13378
 0.74532
 0.96606
 0.92088
 0.71974
 0.63791
 0.71804
 0.83277
 0.31540
 0.61662
 0.53153
 0.84824
 0.30712
 0.86307
 0.91080
 0.97151
 0.39858
 0.99624
 0.48389
 0.61189
 0.68118
 0.09174
 0.77837
 0.89414
 0.24412
 0.53344
 0.61214
 0.73789
 0.48754
 0.72347
 0.69992
 0.85167
 0.07029
 0.62247
 0.49149
 0.59143
 0.94193
 0.86524
 0.79189
 0.72139
 0.88125
 0.95402
 0.86463
 0.75222
 0.44706
 0.38177
 0.98916
 0.37874
 0.93493
 0.37764
 0.61978
 0.55289
 0.63000
 0.94336
 0.66164
 0.68864
 0.66307
 0.96932
 0.25323
 0.48897
 0.55345
 0.99462
 0.99694
 0.85709
 0.67668
 0.86189
 0.85010
 0.93615
 0.57324
 0.83145
 0.99093
 0.92040
 0.43552
 0.48543
 0.97716
 0.17594
 0.49570
 0.58227
 0.62523
 0.59934
 0.92904
 0.73396
 0.49198
 0.67730
 0.64535
 0.12959
 0.93595
 0.75537
 0.43180
 0.52709
 0.80737
 0.77447
 0.67646
 0.80531
 0.51725
 0.23709
 0.99644
 0.66639
 0.96398
 0.67040
 0.31475
 0.93694
 0.93385
 0.82706
 0.92085
 0.92880
 0.31039
 0.33011
 0.76679
 0.61259
 0.44293
 0.96657
 0.24613
 0.19326
 0.97333
 0.88104
 0.84816
 0.01338
 0.34684
 0.81847
 0.39695
 0.74303
 0.49224
 0.62700
 0.74168
 0.60721
 0.56329
 0.90331
 0.85132
 0.60482
 0.63004
 0.96915
 0.87560
 0.97425
 0.30397
 0.56528
 0.38179
 0.21763
 0.56280
 0.74636
 0.86274
 0.75198
 0.93181
 0.57246
 0.90357
 0.91968
 0.47695
 0.49484
 0.55295
 0.97735
 0.34432
 0.84346
 0.85804
 0.30296
 0.28976
 0.53685
 0.28079
 0.69011
 0.67993
 0.88312
 0.97032
 0.74828
 0.73713
 0.90912
 0.67830
 0.99584
 0.75967
 0.81875
 0.97480
 0.87459
 0.19523
 0.34138
 0.96187
 0.99469
 0.82074
 0.63851
 0.78184
 0.89416
 0.87271
 0.23788
 0.69783
 0.99583
 0.86987
 0.16798
 0.64212
 0.42190
 0.79178
 0.70974
 0.76868
 0.96465
 0.71820
 0.75356
 0.85971
 0.37494
 0.16303
 0.65131
 0.84557
 0.34293
 0.93608
 0.87953
 0.63039
 0.64661
 0.82811
 0.78594
 0.58024
 0.85602
 0.83819
 0.25040
 0.87895
 0.93058
 0.72553
 0.98227
 0.37522
 0.62111
 0.89080
 0.31562
 0.68667
 0.94826
 0.64382
 0.65585
 0.96516
 0.68624
 0.42053
 0.89149
 0.10277
 0.80792
 0.72573
 0.79903
 0.42414
 0.44746
 0.59662
 0.24663
 0.56134
 0.58934
 0.41948
 0.95147
 0.72043
 0.17412
 0.62993
 0.71227
 0.74506
 0.69711
 0.60057
 0.93357
 0.85265
 0.31052
 0.81020
 0.25324
 0.23682
 0.83070
 0.62920
 0.83177
 0.26934
 0.71835
 0.78256
 0.65947
 0.50109
 0.96398
 0.97109
 0.90234
 0.84185
 0.99492
 0.54531
 0.37789
 0.33833
 0.68134
 0.96219
 0.73082
 0.19598
 0.70069
 0.58176
 0.48582
 0.62626
 0.72991
 0.60312
 0.46310
 0.66407
 0.15198
 0.26334
 0.53033
 0.51239
 0.99137
 0.73994
 0.84702
 0.96863
 0.23274
 0.85077
 0.78716
 0.91026
 0.73495
 0.85210
 0.56211
 0.88613
 0.10380
 0.56210
 0.84672
 0.68616
 0.99106
 0.56541
 0.47284
 0.99007
 0.43897
 0.79067
 0.27504
 0.91526
 0.91779
 0.85187
 0.67822
 0.95619
 0.99290
 0.79313
 0.53616
 0.84110
 0.92954
 0.46264
 0.86627
 0.54658
 0.95109
 0.82164
 0.54474
 0.86440
 0.52948
 0.98987
 0.79465
 0.88860
 0.65194
 0.24262
 0.86373
 0.41686
 0.38227
 0.74813
 0.61342
 0.84516
 0.56889
 0.89249
 0.39672
 0.32189
 0.83744
 0.90516
 0.26065
 0.83710
 0.77751
 0.18177
 0.29583
 0.74704
 0.84911
 0.40521
 0.82765
 0.78779
 0.85821
 0.97782
 0.39605
 0.66028
 0.99674
 0.49348
 0.74704
 0.75843
 0.48719
 0.83454
 0.89418
 0.47135
 0.48697
 0.85461
 0.27633
 0.89507
 0.41604
 0.45213
 0.57514
 0.97219
 0.38919
 0.98052
 0.71338
 0.64333
 0.98048
 0.45116
 0.62786
 0.94248
 0.60943
 0.93453
 0.85555
 0.71591
 0.85539
 0.83858
 0.44681
 0.42077
 0.42805
 0.53520
 0.53018
 0.93299
 0.79898
 0.87335
 0.59457
 0.83313
 0.94462
 0.79683
 0.60144
 0.88010
 0.85083
 0.97489
 0.96546
 0.84612
 0.85290
 0.55113
 0.57869
 0.46991
 0.97813
 0.94692
 0.74800
 0.13552
 0.91146
 0.61029
 0.81048
 0.95649
 0.27827
 0.29319
 0.88111
 0.81466
 0.88728
 0.51816
 0.32740
 0.44013
 0.40954
 0.96855
 0.96486
 0.46433
 0.95235
 0.64457
 0.80992
 0.08440
 0.85708
 0.84044
 0.99192
 0.56544
 0.93129
 0.27367
 0.99951
 0.68447
 0.59480
 0.80249
 0.83814
 0.78594
 0.83982
 0.68237
 0.59007
 0.61504
 0.67859
 0.17436
 0.70643
 0.48571
 0.98011
 0.84060
 0.98569
 0.67068
 0.66570
 0.93420
 0.69985
 0.87651
 0.66021
 0.39855
 0.23679
 0.91912
 0.64277
 0.38784
 0.60248
 0.79477
 0.76034
 0.84565
 0.67561
 0.69870
 0.11126
 0.79006
 0.75659
 0.33120
 0.67577
 0.96935
 0.49278
 0.51802
 0.79063
 0.99322
 0.46199
 0.15997
 0.39044
 0.85288
 0.92012
 0.92932
 0.43409
 0.92229
 0.74671
 0.95226
 0.76199
 0.84714
 0.40205
 0.60824
 0.53557
 0.47026
 0.86770
 0.89852
 0.57558
 0.24921
 0.72257
 0.86842
 0.93721
 0.65216
 0.91273
 0.78303
 0.70364
 0.21901
 0.81062
 0.66053
 0.77170
 0.47925
 0.95885
 0.57014
 0.34685
 0.74832
 0.80332
 0.92424
 0.80317
 0.94661
 0.60882
 0.93003
 0.93633
 0.90912
 0.69680
 0.89293
 0.33062
 0.98715
 0.50060
 0.44319
 0.98999
 0.15171
 0.93925
 0.63384
 0.80388
 0.71348
 0.80216
 0.49804
 0.83537
 0.78297
 0.12957
 0.10973
 0.43648
 0.40888
 0.97429
 0.65836
 0.94681
 0.73223
 0.73234
 0.70915
 0.65555
 0.72034
 0.29207
 0.81082
 0.65361
 0.78122
 0.77883
 0.82466
 0.75113
 0.76223
 0.57921
 0.10468
 0.67059
 0.89217
 0.90429
 0.08572
 0.65771
 0.94356
 0.87032
 0.86741
 0.94021
 0.43563
 0.84585
 0.59633
 0.77051
 0.85590
 0.62947
 0.98150
 0.78284
 0.95939
 0.95798
 0.49338
 0.95498
 0.99973
 0.49527
 0.89718
 0.88608
 0.70333
 0.51876
 0.43394
 0.84643
 0.83868
 0.87822
 0.77048
 0.89654
 0.86356
 0.80371
 0.21967
 0.81778
 0.64723
 0.13911
 0.59606
 0.39472
 0.71740
 0.27492
 0.31520
 0.32323
 0.42979
 0.56821
 0.62739
 0.36842
 0.60899
 0.66098
 0.54467
 0.92776
 0.45453
 0.81384
 0.28190
 0.52976
 0.95260
 0.94296
 0.87980
 0.54666
 0.84624
 0.63285
 0.73260
 0.37722
 0.41722
 0.79476
 0.73974
 0.94097
 0.50507
 0.53114
 0.53314
 0.22009
 0.52400
 0.11668
 0.92950
 0.76694
 0.73432
 0.47835
 0.63554
 0.95732
 0.66146
 0.53536
 0.46415
 0.77871
 0.91278
 0.73625
 0.58469
 0.43793
 0.67534
 0.59058
 0.29278
 0.58282
 0.82629
 0.58338
 0.61565
 0.33422
 0.40723
 0.34865
 0.68741
 0.82783
 0.68748
 0.87206
 0.38932
 0.97793
 0.91807
 0.30408
 0.97483
 0.76625
 0.73293
 0.72830
 0.89005
 0.57882
 0.91255
 0.66451
 0.03456
 0.35775
 0.66989
 0.09482
 0.80668
 0.87123
 0.70567
 0.94625
 0.90098
 0.25407
 0.94021
 0.16139
 0.20037
 0.81333
 0.79487
 0.94621
 0.85648
 0.28363
 0.69991
 0.95706
 0.05668
 0.65998
 0.83820
 0.63317
 0.73128
 0.10234
 0.62257
 0.95584
 0.77509
 0.96765
 0.60362
 0.46437
 0.37752
 0.74290
 0.49446
 0.87246
 0.96982
 0.62082
 0.62320
 0.89857
 0.87460
 0.17699
 0.90606
 0.48638
 0.42015
 0.68274
 0.55506
 0.92347
 0.64921
 0.65724
 0.17558
 0.86630
 0.85117
 0.72214
 0.78129
 0.94792
 0.55748
 0.41280
 0.58307
 0.66825
 0.77524
 0.63121
 0.64383
 0.51388
 0.73978
 0.61595
 0.86838
 0.97066
 0.69458
 0.94116
 0.33879
 0.38334
 0.27508
 0.71722
 0.73332
 0.87086
 0.30750
 0.67465
 0.05373
 0.95632
 0.79895
 0.94617
 0.93442
 0.88557
 0.87335
 0.64214
 0.59561
 0.59336
 0.96604
 0.09757
 0.92578
 0.56634
 0.35514
 0.92681
 0.83932
 0.65881
 0.54447
 0.65544
 0.42408
 0.36503
 0.11783
 0.40979
 0.91198
 0.36686
 0.93764
 0.73964
 0.89107
 0.71758
 0.65946
 0.84153
 0.59785
 0.60000
 0.95003
 0.82444
 0.79497
 0.65031
 0.77009
 0.49151
 0.92916
 0.79376
 0.81550
 0.12789
 0.75488
 0.89955
 0.38626
 0.80541
 0.63828
 0.68557
 0.80040
 0.62154
 0.83084
 0.97666
 0.73058
 0.17485
 0.50325
 0.60412
 0.51706
 0.66464
 0.17885
 0.93251
 0.73632
 0.76556
 0.49435
 0.94480
 0.59963
 0.55917
 0.85747
 0.88420
 0.44775
 0.53653
 0.31181
 0.83441
 0.33560
 0.97395
 0.88210
 0.66660
 0.27844
 0.88820
 0.18027
 0.63958
 0.35938
 0.77331
 0.92634
 0.60396
 0.86017
 0.72259
 0.94485
 0.87864
 0.36639
 0.72291
 0.35254
 0.85360
 0.88810
 0.46059
 0.71325
 0.48890
 0.73119
 0.65964
 0.49891
 0.73152
 0.94758
 0.78231
 0.88296
 0.97921
 0.41235
 0.42882
 0.58526
 0.91134
 0.74128
 0.98501
 0.72277
 0.93792
 0.28345
 0.02264
 0.34686
 0.91527
 0.77907
 0.22898
 0.85282
 0.21143
 0.63129
 0.26959
 0.75895
 0.32903
 0.85485
 0.98365
 0.98701
 0.88472
 0.93679
 0.61725
 0.99589
 0.79137
 0.47213
 0.74974
 0.84509
 0.79810
 0.79903
 0.22709
 0.81754
 0.90984
 0.90668
 0.44998
 0.57929
 0.69041
 0.42359
 0.28931
 0.74538
 0.30643
 0.91094
 0.69962
 0.92002
 0.26281
 0.82542
 0.77952
 0.55904
 0.78313
 0.82241
 0.50293
 0.82507
 0.91151
 0.21081
 0.71718
 0.48699
 0.47970
 0.81444
 0.83567
 0.84205
 0.47001
 0.93950
 0.99274
 0.63722
 0.85271
 0.96023
 0.50524
 0.32057
 0.66603
 0.59260
 0.31976
 0.83506
 0.64581
 0.95600
 0.94773
 0.88126
 0.95882
 0.98595
 0.77132
 0.45818
 0.54281
 0.59369
 0.90709
 0.56571
 0.72124
 0.32588
 0.91444
 0.66129
 0.49368
 0.85835
 0.67373
 0.99040
 0.99584
 0.33649
 0.72617
 0.91206
 0.51245
 0.70783
 0.63853
 0.89121
 0.36089
 0.38866
 0.78696
 0.89464
 0.79295
 0.64162
 0.81680
 0.56026
 0.75470
 0.32989
 0.90715
 0.57024
 0.48637
 0.57699
 0.75539
 0.87148
 0.44073
 0.45749
 0.16189
 0.81989
 0.70777
 0.67824
 0.32380
 0.70746
 0.38065
 0.10513
 0.75193
 0.59383
 0.12423
 0.65636
 0.67396
 0.12222
 0.50801
 0.74657
 0.81105
 0.74538
 0.21131
 0.21326
 0.64972
 0.39455
 0.84934
 0.78773
 0.82786
 0.86054
 0.67781
 0.75223
 0.99959
 0.23177
 0.74594
 0.76789
 0.66183
 0.29931
 0.94458
 0.37953
 0.66904
 0.95876
 0.84272
 0.60319
 0.85851
 0.82319
 0.80296
 0.46116
 0.95381
 0.09038
 0.82137
 0.84487
 0.27032
 0.32185
 0.49517
 0.71906
 0.84730
 0.53656
 0.35494
 0.51824
 0.53288
 0.52965
 0.80426
 0.63039
 0.23905
 0.68069
 0.96647
 0.54238
 0.35471
 0.55066
 0.93493
 0.83332
 0.75351
 0.63003
 0.50466
 0.83296
 0.17085
 0.75721
 0.32653
 0.66271
 0.23550
 0.58892
 0.84379
 0.97912
 0.68775
 0.31634
 0.12191
 0.55955
 0.91191
 0.33721
 0.72005
 0.52494
 0.89276
 0.65787
 0.92178
 0.72102
 0.99186
 0.67231
 0.67778
 0.89667
 0.50812
 0.97841
 0.86360
 0.38718
 0.96962
 0.46931
 0.46102
 0.59824
 0.97252
 0.64187
 0.74003
 0.47371
 0.64673
 0.78130
 0.69094
 0.53266
 0.90983
 0.84956
 0.89515
 0.95961
 0.62177
 0.89541
 0.45135
 0.42948
 0.13360
 0.35947
 0.88369
 0.22661
 0.38645
 0.90160
 0.82239
 0.89286
 0.47930
 0.71705
 0.79805
 0.59207
 0.97233
 0.83192
 0.78651
 0.86945
 0.91560
 0.69972
 0.49443
 0.47057
 0.88860
 0.93168
 0.99198
 0.31635
 0.95951
 0.69150
 0.51551
 0.91416
 0.63947
 0.60859
 0.44589
 0.89264
 0.99109
 0.99028
 0.78949
 0.97967
 0.61115
 0.70944
 0.81703
 0.94746
 0.74344
 0.98326
 0.58678
 0.64588
 0.71230
 0.95087
 0.84987
 0.64393
 0.79886
 0.98389
 0.94794
 0.34536
 0.64703
 0.66834
 0.79469
 0.21170
 0.43454
 0.54113
 0.97332
 0.50873
 0.75022
 0.74645
 0.84873
 0.96670
 0.93873
 0.58688
 0.75452
 0.35436
 0.52516
 0.13850
 0.54316
 0.79482
 0.36434
 0.42020
 0.90231
 0.22685
 0.24824
 0.77158
 0.98176
 0.76151
 0.88262
 0.40148
 0.69007
 0.65891
 0.95223
 0.54114
 0.58619
 0.37996
 0.46879
 0.75896
 0.93078
 0.94554
 0.91573
 0.51663
 0.35612
 0.31629
 0.80212
 0.03359
 0.77354
 0.86843
 0.11482
 0.86773
 0.92228
 0.74300
 0.88579
 0.93138
 0.52689
 0.48602
 0.63231
 0.96374
 0.62544
 0.36737
 0.90734
 0.81197
 0.97276
 0.83840
 0.56603
 0.76105
 0.59271
 0.95882
 0.31787
 0.84171
 0.43419
 0.72251
 0.91835
 0.88256
 0.86185
 0.97549
 0.50639
 0.90540
 0.94031
 0.71168
 0.55858
 0.32451
 0.22443
 0.22217
 0.84125
 0.97073
 0.51886
 0.33551
 0.96151
 0.54689
 0.88393
 0.36647
 0.72698
 0.85644
 0.66675
 0.87488
 0.53893
 0.59846
 0.81454
 0.62680
 0.90855
 0.78015
 0.40756
 0.93669
 0.95870
 0.19912
 0.87012
 0.86692
 0.51849
 0.57827
 0.95229
 0.58692
 0.48326
 0.48427
 0.32501
 0.25697
 0.47662
 0.36121
 0.87712
 0.46685
 0.92088
 0.07336
 0.71869
 0.17263
 0.94541
 0.52875
 0.91957
 0.66123
 0.99729
 0.91834
 0.96367
 0.88535
 0.85317
 0.49713
 0.45842
 0.93522
 0.37234
 0.59547
 0.48084
 0.36401
 0.64241
 0.77142
 0.99069
 0.52627
 0.78427
 0.81339
 0.22560
 0.75962
 0.48399
 0.90792
 0.39668
 0.93538
 0.94603
 0.49459
 0.68129
 0.99487
 0.88126
 0.92077
 0.67387
 0.52201
 0.15076
 0.57810
 0.61687
 0.58811
 0.56237
 0.91434
 0.46768
 0.94615
 0.78348
 0.26025
 0.15979
 0.87114
 0.70675
 0.54847
 0.65669
 0.47345
 0.80745
 0.79907
 0.78827
 0.78388
 0.76431
 0.75010
 0.43164
 0.66471
 0.75312
 0.98854
 0.45584
 0.34856
 0.68287
 0.70520
 0.70689
 0.34953
 0.93785
 0.59207
 0.94991
 0.75347
 0.82738
 0.94767
 0.69924
 0.72067
 0.20993
 0.96173
 0.55034
 0.36308
 0.92854
 0.89118
 0.16462
 0.23068
 0.97541
 0.71719
 0.20440
 0.74372
 0.34633
 0.87825
 0.36035
 0.97029
 0.60089
 0.66594
 0.99868
 0.79049
 0.96748
 0.47747
 0.62222
 0.39016
 0.35820
 0.65637
 0.88159
 0.82874
 0.85645
 0.06972
 0.73097
 0.77791
 0.87426
 0.47548
 0.64845
 0.37393
 0.55686
 0.63677
 0.88097
 0.76559
 0.84717
 0.80564
 0.93698
 0.55510
 0.99516
 0.35772
 0.82286
 0.93305
 0.63268
 0.99627
 0.55189
 0.63291
 0.98306
 0.66279
 0.42381
 0.90796
 0.92525
 0.57832
 0.43625
 0.93177
 0.31007
 0.68957
 0.48680
 0.22900
 0.61954
 0.97072
 0.98367
 0.90621
 0.85847
 0.57514
 0.89855
 0.40487
 0.90606
 0.56136
 0.67914
 0.72403
 0.89258
 0.51450
 0.31269
 0.45443
 0.65149
 0.64568
 0.21727
 0.79168
 0.61650
 0.69564
 0.97069
 0.78442
 0.37468
 0.41514
 0.16042
 0.89440
 0.89717
 0.96224
 0.47118
 0.84500
 0.08674
 0.66928
 0.88111
 0.81253
 0.74294
 0.70749
 0.46218
 0.63142
 0.69587
 0.88343
 0.08242
 0.68134
 0.71074
 0.64515
 0.88770
 0.38748
 0.68323
 0.90196
 0.99969
 0.37289
 0.39254
 0.84988
 0.37185
 0.90079
 0.88075
 0.41322
 0.32650
 0.37674
 0.11796
 0.66734
 0.95038
 0.51349
 0.74268
 0.65015
 0.72193
 0.57203
 0.59805
 0.40987
 0.93590
 0.72225
 0.74730
 0.86318
 0.78083
 0.94083
 0.94383
 0.97297
 0.91665
 0.33385
 0.76619
 0.34719
 0.88330
 0.87752
 0.55575
 0.62922
 0.66451
 0.99801
 0.26434
 0.81318
 0.57733
 0.90838
 0.45842
 0.52948
 0.94316
 0.68945
 0.37728
 0.83351
 0.87722
 0.68820
 0.86976
 0.56456
 0.59073
 0.18002
 0.60134
 0.93716
 0.73119
 0.87382
 0.32668
 0.78693
 0.48201
 0.86209
 0.49303
 0.20845
 0.70190
 0.82847
 0.67754
 0.62566
 0.84785
 0.90060
 0.76981
 0.24717
 0.91096
 0.85969
 0.61846
 0.41822
 0.34805
 0.69906
 0.87377
 0.95873
 0.89494
 0.48796
 0.42375
 0.80598
 0.44235
 0.82355
 0.94776
 0.02232
 0.38834
 0.37453
 0.81880
 0.91402
 0.84013
 0.77297
 0.95668
 0.71111
 0.72534
 0.99559
 0.92915
 0.30144
 0.64670
 0.75829
 0.89880
 0.55328
 0.91148
 0.92748
 0.87662
 0.84752
 0.55132
 0.99969
 0.49125
 0.79873
 0.84270
 0.10709
 0.86311
 0.58828
 0.57998
 0.26218
 0.65066
 0.72449
 0.51911
 0.90585
 0.77427
 0.55290
 0.90289
 0.53020
 0.97961
 0.99479
 0.74718
 0.63690
 0.82727
 0.37915
 0.65603
 0.88269
 0.75556
 0.95210
 0.43801
 0.26323
 0.86605
 0.62298
 0.75086
 0.88436
 0.97646
 0.81485
 0.60250
 0.50062
 0.48412
 0.97107
 0.59413
 0.56998
 0.53439
 0.63975
 0.45769
 0.67139
 0.73618
 0.58621
 0.88015
 0.92231
 0.21307
 0.34058
 0.79672
 0.90008
 0.54502
 0.48976
 0.33304
 0.89881
 0.52694
 0.97051
 0.06368
 0.04777
 0.40212
 0.83550
 0.48286
 0.52090
 0.85968
 0.81727
 0.97253
 0.57921
 0.85661
 0.95736
 0.87480
 0.61370
 0.73974
 0.95084
 0.93658
 0.42858
 0.91331
 0.29477
 0.38609
 0.43773
 0.87596
 0.76723
 0.74498
 0.71017
 0.82316
 0.96566
 0.77736
 0.27642
 0.74906
 0.98046
 0.86172
 0.63175
 0.12337
 0.97031
 0.73700
 0.99073
 0.67623
 0.37058
 0.48155
 0.66748
 0.79477
 0.59147
 0.71960
 0.97289
 0.88109
 0.78158
 0.52269
 0.49091
 0.70713
 0.39328
 0.50867
 0.60116
 0.22200
 0.84454
 0.75908
 0.13814
 0.24426
 0.95569
 0.78086
 0.43977
 0.99879
 0.86143
 0.69776
 0.88713
 0.81845
 0.79084
 0.52881
 0.33001
 0.93340
 0.51893
 0.81668
 0.55857
 0.44122
 0.55524
 0.27230
 0.34564
 0.92194
 0.46403
 0.80266
 0.14418
 0.95091
 0.98486
 0.86247
 0.43730
 0.61243
 0.91461
 0.96774
 0.46014
 0.72564
 0.77880
 0.16139
 0.47551
 0.64848
 0.50527
 0.98842
 0.66382
 0.33156
 0.88712
 0.79381
 0.96962
 0.92999
 0.76252
 0.85882
 0.79675
 0.43819
 0.79702
 0.72992
 0.78247
 0.52179
 0.80160
 0.54115
 0.86443
 0.19249
 0.84126
 0.82813
 0.98006
 0.56325
 0.53328
 0.98148
 0.19454
 0.99948
 0.89900
 0.74864
 0.59811
 0.76753
 0.69650
 0.93328
 0.30610
 0.81575
 0.83259
 0.25615
 0.76453
 0.60835
 0.77831
 0.64006
 0.33642
 0.96706
 0.78300
 0.53439
 0.32644
 0.75544
 0.77182
 0.68941
 0.74818
 0.89531
 0.49846
 0.62946
 0.35716
 0.62097
 0.74704
 0.90939
 0.92695
 0.57644
 0.94299
 0.68783
 0.09145
 0.65817
 0.22125
 0.99657
 0.79214
 0.69892
 0.88357
 0.71487
 0.94245
 0.59468
 0.74632
 0.64592
 0.67359
 0.81458
 0.78964
 0.97661
 0.96957
 0.56856
 0.43461
 0.81973
 0.36163
 0.66318
 0.80798
 0.75310
 0.34739
 0.82701
 0.47133
 0.80879
 0.90236
 0.65556
 0.85831
 0.97013
 0.97520
 0.75786
 0.92524
 0.46083
 0.91741
 0.12111
 0.83352
 0.94584
 0.42055
 0.82286
 0.80671
 0.84612
 0.65552
 0.72535
 0.43970
 0.86737
 0.45133
 0.58149
 0.59405
 0.58009
 0.95877
 0.56519
 0.93055
 0.29757
 0.28432
 0.30867
 0.64951
 0.43557
 0.60260
 0.68238
 0.33146
 0.98635
 0.74695
 0.84721
 0.42155
 0.75483
 0.58320
 0.50589
 0.71400
 0.73672
 0.82725
 0.42849
 0.46587
 0.89746
 0.44554
 0.43008
 0.82937
 0.58747
 0.77490
 0.92466
 0.97202
 0.96932
 0.66858
 0.91207
 0.13525
 0.60377
 0.74624
 0.36424
 0.83597
 0.96571
 0.54030
 0.68935
 0.86460
 0.52706
 0.26591
 0.17071
 0.68258
 0.74334
 0.51223
 0.82401
 0.57008
 0.95843
 0.31380
 0.91709
 0.61546
 0.55785
 0.69995
 0.68830
 0.98966
 0.60170
 0.77978
 0.79414
 0.46564
 0.83811
 0.89544
 0.91042
 0.70249
 0.26474
 0.81429
 0.88590
 0.57324
 0.53923
 0.84129
 0.77316
 0.68964
 0.89893
 0.76684
 0.52075
 0.93778
 0.73420
 0.36559
 0.58128
 0.71172
 0.88223
 0.54747
 0.27029
 0.88671
 0.89819
 0.20160
 0.48211
 0.91781
 0.04513
 0.61867
 0.32976
 0.93314
 0.96639
 0.98436
 0.83071
 0.98693
 0.36739
 0.53868
 0.98245
 0.42924
 0.11969
 0.32605
 0.70257
 0.83229
 0.93653
 0.45910
 0.19690
 0.91202
 0.99099
 0.49258
 0.96169
 0.52940
 0.98643
 0.88131
 0.84986
 0.92570
 0.62649
 0.20049
 0.57985
 0.82741
 0.40841
 0.58367
 0.36291
 0.47739
 0.92700
 0.16009
 0.73070
 0.95370
 0.35544
 0.98737
 0.97401
 0.39706
 0.30275
 0.69059
 0.69056
 0.65055
 0.58082
 0.39547
 0.70441
 0.83423
 0.61454
 0.88512
 0.94415
 0.86698
 0.34090
 0.13519
 0.67919
 0.34963
 0.09341
 0.77313
 0.48422
 0.43130
 0.67835
 0.43419
 0.30688
 0.81124
 0.64330
 0.54633
 0.39903
 0.92248
 0.97548
 0.95893
 0.80370
 0.95428
 0.48937
 0.87131
 0.59690
 0.70543
 0.95813
 0.86556
 0.60496
 0.97423
 0.93775
 0.69121
 0.92488
 0.89937
 0.38807
 0.87917
 0.35605
 0.92221
 0.50756
 0.82401
 0.98235
 0.66928
 0.43580
 0.31170
 0.79089
 0.19518
 0.70177
 0.80025
 0.53885
 0.94142
 0.76951
 0.70519
 0.65165
 0.72562
 0.74808
 0.97519
 0.02794
 0.70391
 0.36806
 0.84210
 0.82278
 0.80962
 0.91319
 0.35031
 0.63371
 0.67419
 0.91138
 0.33602
 0.89909
 0.46941
 0.46434
 0.31399
 0.90014
 0.36741
 0.25526
 0.86122
 0.87924
 0.89112
 0.70917
 0.81491
 0.95310
 0.71844
 0.54276
 0.32943
 0.59972
 0.89568
 0.46876
 0.97830
 0.77364
 0.89288
 0.91415
 0.57501
 0.60062
 0.99064
 0.70387
 0.51474
 0.21460
 0.85899
 0.34113
 0.70693
 0.84763
 0.97177
 0.82428
 0.98718
 0.80697
 0.09745
 0.71786
 0.71658
 0.55249
 0.60386
 0.82064
 0.15109
 0.84238
 0.71944
 0.84323
 0.32288
 0.99268
 0.66852
 0.45868
 0.45198
 0.84262
 0.47465
 0.87493
 0.92584
 0.74946
 0.94602
 0.70865
 0.63342
 0.76311
 0.75472
 0.56064
 0.90206
 0.92056
 0.79186
 0.93938
 0.97930
 0.53457
 0.90555
 0.72378
 0.99998
 0.35035
 0.95788
 0.40667
 0.85945
 0.46557
 0.67705
 0.88701
 0.80662
 0.46857
 0.38211
 0.97176
 0.12594
 0.63112
 0.96435
 0.93320
 0.37059
 0.99855
 0.35484
 0.78268
 0.40950
 0.95830
 0.62805
 0.29580
 0.89983
 0.81809
 0.43298
 0.91557
 0.34926
 0.40786
 0.11221
 0.96832
 0.90969
 0.44953
 0.90537
 0.41118
 0.52427
 0.97807
 0.71345
 0.75643
 0.83614
 0.66136
 0.69620
 0.99503
 0.39206
 0.98366
 0.93879
 0.76841
 0.80588
 0.57964
 0.64187
 0.36620
 0.79488
 0.34408
 0.67109
 0.96031
 0.20204
 0.83582
 0.89522
 0.73767
 0.83453
 0.94810
 0.70692
 0.83479
 0.37279
 0.79386
 0.87023
 0.11914
 0.73258
 0.88093
 0.14931
 0.94928
 0.99986
 0.95968
 0.58268
 0.93563
 0.94919
 0.24310
 0.68454
 0.44225
 0.85558
 0.44782
 0.51328
 0.96970
 0.93891
 0.39722
 0.58046
 0.42518
 0.32090
 0.96174
 0.72334
 0.10798
 0.28478
 0.79931
 0.67039
 0.85297
 0.32405
 0.30761
 0.90416
 0.73532
 0.44982
 0.64246
 0.94236
 0.49224
 0.35296
 0.55362
 0.44916
 0.56689
 0.70939
 0.94293
 0.78495
 0.95430
 0.27618
 0.23355
 0.66499
 0.34340
 0.57220
 0.97551
 0.41615
 0.57512
 0.26132
 0.66518
 0.80118
 0.77064
 0.92503
 0.61282
 0.88461
 0.80560
 0.99072
 0.29909
 0.80599
 0.36882
 0.76831
 0.39139
 0.73138
 0.73847
 0.45860
 0.77862
 0.32227
 0.75486
 0.92864
 0.71781
 0.79481
 0.84347
 0.95999
 0.22253
 0.55699
 0.73447
 0.74392
 0.84027
 0.55065
 0.82605
 0.58938
 0.94232
 0.78562
 0.74976
 0.83859
 0.32052
 0.26388
 0.16360
 0.97870
 0.10951
 0.70516
 0.97626
 0.83058
 0.82714
 0.23904
 0.27700
 0.49365
 0.60936
 0.41313
 0.22709
 0.97883
 0.98700
 0.97284
 0.84292
 0.67626
 0.69661
 0.40462
 0.93732
 0.61661
 0.66567
 0.64119
 0.37297
 0.78369
 0.74881
 0.78451
 0.36127
 0.58250
 0.97401
 0.71153
 0.98705
 0.89352
 0.61924
 0.46674
 0.99476
 0.58500
 0.61251
 0.93184
 0.99192
 0.87969
 0.67585
 0.75791
 0.56710
 0.39026
 0.26188
 0.99246
 0.93474
 0.88632
 0.35161
 0.62091
 0.33993
 0.22441
 0.80750
 0.86156
 0.99443
 0.49657
 0.99273
 0.86321
 0.93042
 0.77812
 0.98206
 0.59281
 0.99467
 0.91070
 0.46733
 0.80311
 0.67249
 0.79030
 0.82032
 0.61877
 0.74962
 0.88298
 0.51749
 0.83127
 0.71409
 0.84181
 0.73766
 0.89754
 0.65997
 0.29766
 0.53526
 0.63332
 0.89504
 0.81841
 0.81934
 0.71596
 0.59821
 0.82056
 0.54206
 0.24418
 0.86831
 0.75971
 0.70051
 0.30203
 0.79245
 0.96191
 0.38922
 0.16304
 0.73015
 0.59163
 0.75411
 0.39538
 0.04835
 0.10173
 0.94523
 0.98392
 0.80260
 0.77323
 0.96265
 0.66928
 0.94960
 0.91285
 0.78129
 0.87706
 0.51630
 0.72353
 0.71658
 0.40814
 0.98878
 0.27263
 0.87696
 0.71417
 0.93752
 0.88573
 0.83769
 0.27197
 0.15199
 0.93103
 0.61109
 0.48274
 0.82936
 0.97852
 0.85661
 0.48508
 0.62096
 0.71932
 0.68614
 0.48668
 0.50704
 0.76707
 0.94088
 0.78349
 0.35367
 0.06823
 0.99486
 0.72992
 0.42247
 0.59859
 0.97055
 0.68227
 0.80947
 0.96488
 0.66987
 0.82613
 0.61959
 0.87543
 0.57083
 0.74360
 0.75989
 0.63125
 0.61249
 0.88324
 0.74715
 0.80773
 0.45108
 0.57323
 0.65912
 0.45714
 0.86193
 0.81441
 0.87428
 0.80666
 0.75343
 0.74384
 0.96476
 0.76799
 0.77506
 0.73122
 0.55532
 0.96773
 0.76870
 0.58362
 0.23648
 0.65088
 0.23302
 0.15970
 0.47760
 0.75067
 0.14429
 0.97168
 0.90417
 0.51624
 0.35475
 0.91035
 0.96965
 0.92220
 0.67058
 0.64673
 0.61604
 0.81894
 0.64053
 0.23331
 0.95750
 0.92343
 0.94292
 0.65460
 0.46826
 0.36890
 0.41865
 0.56175
 0.76290
 0.81549
 0.55354
 0.95703
 0.54176
 0.78082
 0.90052
 0.56449
 0.99065
 0.20030
 0.56582
 0.60038
 0.81839
 0.68485
 0.76491
 0.60270
 0.85511
 0.41901
 0.96762
 0.67449
 0.40605
 0.82143
 0.22245
 0.49353
 0.98040
 0.28251
 0.99450
 0.97785
 0.89685
 0.93520
 0.91658
 0.38256
 0.84908
 0.74026
 0.98848
 0.60858
 0.97838
 0.77270
 0.68391
 0.86197
 0.95520
 0.88548
 0.65263
 0.99273
 0.56246
 0.15741
 0.43000
 0.48393
 0.27728
 0.92187
 0.45021
 0.73709
 0.78558
 0.63898
 0.97229
 0.98991
 0.85321
 0.27975
 0.99486
 0.83023
 0.69511
 0.30747
 0.84715
 0.53170
 0.77382
 0.82957
 0.36162
 0.13002
 0.99117
 0.75139
 0.57797
 0.14569
 0.50847
 0.81289
 0.76052
 0.40844
 0.48272
 0.90591
 0.47507
 0.68742
 0.65764
 0.76199
 0.94281
 0.53359
 0.49201
 0.98889
 0.18708
 0.81039
 0.29397
 0.84229
 0.77403
 0.81118
 0.57951
 0.93466
 0.80836
 0.92788
 0.76563
 0.99415
 0.16646
 0.80855
 0.39264
 0.68918
 0.86344
 0.60472
 0.77825
 0.96393
 0.67015
 0.56617
 0.86510
 0.96240
 0.86925
 0.56106
 0.37497
 0.68315
 0.76797
 0.69527
 0.74123
 0.85322
 0.81510
 0.22725
 0.35179
 0.83952
 0.73833
 0.94304
 0.96204
 0.68034
 0.44249
 0.41480
 0.64715
 0.21785
 0.54464
 0.56193
 0.81236
 0.96016
 0.53902
 0.77613
 0.05345
 0.96563
 0.98790
 0.92969
 0.80092
 0.62896
 0.75081
 0.84927
 0.97957
 0.88709
 0.37477
 0.72263
 0.19723
 0.10910
 0.64266
 0.49355
 0.73887
 0.20511
 0.88012
 0.61815
 0.92644
 0.93603
 0.80606
 0.67049
 0.61108
 0.87651
 0.66731
 0.42597
 0.94320
 0.29440
 0.98435
 0.71375
 0.96539
 0.94029
 0.26393
 0.62661
 0.52976
 0.82712
 0.61236
 0.45621
 0.81299
 0.82947
 0.73001
 0.81635
 0.55818
 0.24148
 0.73016
 0.93429
 0.84066
 0.98310
 0.28588
 0.97199
 0.27485
 0.58515
 0.53143
 0.46156
 0.67214
 0.65756
 0.34148
 0.42028
 0.76188
 0.75416
 0.96698
 0.60767
 0.96093
 0.24012
 0.36743
 0.64664
 0.92718
 0.80991
 0.28712
 0.82144
 0.79138
 0.71343
 0.94496
 0.86589
 0.78192
 0.96275
 0.68663
 0.67443
 0.24223
 0.51468
 0.93082
 0.66249
 0.84478
 0.77903
 0.87754
 0.86022
 0.66309
 0.70499
 0.17712
 0.82317
 0.08290
 0.39645
 0.97843
 0.99566
 0.98648
 0.88813
 0.27783
 0.90756
 0.60743
 0.68113
 0.65668
 0.81841
 0.26609
 0.89208
 0.51976
 0.83861
 0.76154
 0.89024
 0.83057
 0.27563
 0.89594
 0.63773
 0.94692
 0.91042
 0.97708
 0.98569
 0.88682
 0.98302
 0.64106
 0.43050
 0.09563
 0.32455
 0.95906
 0.69844
 0.24357
 0.44216
 0.53816
 0.60285
 0.78362
 0.84500
 0.87271
 0.77243
 0.53556
 0.66080
 0.33590
 0.99119
 0.95027
 0.95614
 0.12898
 0.77333
 0.30648
 0.84618
 0.72615
 0.59841
 0.88148
 0.15841
 0.73800
 0.76457
 0.71359
 0.96764
 0.98340
 0.59407
 0.98362
 0.52817
 0.71696
 0.92696
 0.89354
 0.62393
 0.24845
 0.51139
 0.70549
 0.96954
 0.30706
 0.86973
 0.60721
 0.58508
 0.26487
 0.95446
 0.26058
 0.54660
 0.96235
 0.83398
 0.64657
 0.91766
 0.87777
 0.74861
 0.72112
 0.90972
 0.86744
 0.87947
 0.82511
 0.96075
 0.20201
 0.92351
 0.84111
 0.91767
 0.60246
 0.50388
 0.94740
 0.99088
 0.28720
 0.64321
 0.68045
 0.91040
 0.58240
 0.94719
 0.96459
 0.72457
 0.77093
 0.32703
 0.34462
 0.88705
 0.64040
 0.86046
 0.91663
 0.11998
 0.96678
 0.78965
 0.86095
 0.99261
 0.85231
 0.43945
 0.60837
 0.96660
 0.97391
 0.05123
 0.45780
 0.98618
 0.69434
 0.81126
 0.49156
 0.53354
 0.49580
 0.86800
 0.62971
 0.15523
 0.81524
 0.75766
 0.35839
 0.71615
 0.77308
 0.97886
 0.44669
 0.78216
 0.62141
 0.95782
 0.76608
 0.33616
 0.84231
 0.59814
 0.86856
 0.82581
 0.85677
 0.95200
 0.42815
 0.42515
 0.99991
 0.88994
 0.26724
 0.85053
 0.35425
 0.93685
 0.66618
 0.84664
 0.91462
 0.98972
 0.91611
 0.92943
 0.88624
 0.67526
 0.58314
 0.72110
 0.69377
 0.54230
 0.69025
 0.15391
 0.63186
 0.35227
 0.22945
 0.92222
 0.25471
 0.36267
 0.61597
 0.90175
 0.91254
 0.50394
 0.61713
 0.86155
 0.67646
 0.86947
 0.54505
 0.44097
 0.68956
 0.56273
 0.80269
 0.25159
 0.58308
 0.73581
 0.92308
 0.69891
 0.86916
 0.47662
 0.44847
 0.98570
 0.58360
 0.58889
 0.89203
 0.07523
 0.69578
 0.95571
 0.79605
 0.96785
 0.54608
 0.91416
 0.55265
 0.90196
 0.71894
 0.37760
 0.95911
 0.83507
 0.87945
 0.97525
 0.72425
 0.17033
 0.78044
 0.98338
 0.72850
 0.82693
 0.98375
 0.87787
 0.90716
 0.34932
 0.68474
 0.99705
 0.83397
 0.71641
 0.04956
 0.77812
 0.58542
 0.60722
 0.92039
 0.90224
 0.60235
 0.62628
 0.38721
 0.79075
 0.67787
 0.88817
 0.61470
 0.89660
 0.68271
 0.81488
 0.73607
 0.83432
 0.92323
 0.94460
 0.55200
 0.89658
 0.69996
 0.69965
 0.79600
 0.20193
 0.87260
 0.72831
 0.28456
 0.34230
 0.41665
 0.76092
 0.96536
 0.87765
 0.84857
 0.38319
 0.90858
 0.97013
 0.76415
 0.68937
 0.35558
 0.75550
 0.63882
 0.73473
 0.35999
 0.34027
 0.46856
 0.93064
 0.74314
 0.65638
 0.76347
 0.95787
 0.35160
 0.88908
 0.93931
 0.82735
 0.42736
 0.84494
 0.63548
 0.28545
 0.24743
 0.61653
 0.63721
 0.57639
 0.67440
 0.92442
 0.46572
 0.84968
 0.93965
 0.63242
 0.57786
 0.96333
 0.88957
 0.38664
 0.57668
 0.93314
 0.30453
 0.52181
 0.45028
 0.79390
 0.95505
 0.74664
 0.69844
 0.73114
 0.47764
 0.95625
 0.53515
 0.98103
 0.77965
 0.10687
 0.81719
 0.46321
 0.98861
 0.93745
 0.94178
 0.47897
 0.72382
 0.64166
 0.94479
 0.94566
 0.91639
 0.75976
 0.60593
 0.34269
 0.59267
 0.61112
 0.32702
 0.69813
 0.97634
 0.84563
 0.87987
 0.60995
 0.88778
 0.45382
 0.77977
 0.70178
 0.70051
 0.73553
 0.77126
 0.89778
 0.39254
 0.70507
 0.85103
 0.98793
 0.67761
 0.72417
 0.44733
 0.99770
 0.99511
 0.40076
 0.99002
 0.49862
 0.92515
 0.43939
 0.49916
 0.89314
 0.58244
 0.95415
 0.89939
 0.85004
 0.99489
 0.58588
 0.70556
 0.95723
 0.54604
 0.53072
 0.94757
 0.95755
 0.35317
 0.39222
 0.97238
 0.99811
 0.32672
 0.50673
 0.91691
 0.92732
 0.20302
 0.54447
 0.62230
 0.89041
 0.72523
 0.71324
 0.24127
 0.61241
 0.47726
 0.98860
 0.72466
 0.36731
 0.75741
 0.12412
 0.85370
 0.90863
 0.86816
 0.67562
 0.60626
 0.45662
 0.29796
 0.85034
 0.28600
 0.31086
 0.63217
 0.60896
 0.79720
 0.64996
 0.25325
 0.17064
 0.93751
 0.60970
 0.32681
 0.88289
 0.99192
 0.76494
 0.94237
 0.76924
 0.98049
 0.98045
 0.31343
 0.67312
 0.25177
 0.77371
 0.84083
 0.42785
 0.87539
 0.81818
 0.96208
 0.61282
 0.69512
 0.84099
 0.76385
 0.74237
 0.83766
 0.73475
 0.79279
 0.94092
 0.37676
 0.98136
 0.43167
 0.75683
 0.81242
 0.08978
 0.52567
 0.45201
 0.84053
 0.71426
 0.62194
 0.54656
 0.67923
 0.82690
 0.82330
 0.12133
 0.96530
 0.33823
 0.97182
 0.92170
 0.35145
 0.80536
 0.87666
 0.88634
 0.80005
 0.70147
 0.50763
 0.98830
 0.45220
 0.95769
 0.63866
 0.20265
 0.18193
 0.55877
 0.53267
 0.38085
 0.46314
 0.24305
 0.74708
 0.50154
 0.46392
 0.78690
 0.69132
 0.40492
 0.71090
 0.79624
 0.79724
 0.35053
 0.62662
 0.92783
 0.22448
 0.92082
 0.96702
 0.57784
 0.69360
 0.89476
 0.16343
 0.54866
 0.75092
 0.22065
 0.84340
 0.41135
 0.72323
 0.70041
 0.80691
 0.85492
 0.33516
 0.96590
 0.27515
 0.07405
 0.68149
 0.35141
 0.68326
 0.52037
 0.78122
 0.22297
 0.69610
 0.86221
 0.65926
 0.94789
 0.78760
 0.98654
 0.50568
 0.32800
 0.19970
 0.95122
 0.88497
 0.34038
 0.41957
 0.98099
 0.97465
 0.90515
 0.20491
 0.56968
 0.86629
 0.97290
 0.23231
 0.56224
 0.89156
 0.92751
 0.83004
 0.98409
 0.99436
 0.98470
 0.90150
 0.78056
 0.96282
 0.68366
 0.81758
 0.78480
 0.89287
 0.78616
 0.82522
 0.38410
 0.73056
 0.58694
 0.83483
 0.82055
 0.03054
 0.63142
 0.23307
 0.45296
 0.75634
 0.99789
 0.91259
 0.99747
 0.19637
 0.66261
 0.92959
 0.17937
 0.60503
 0.84054
 0.25519
 0.42359
 0.64644
 0.39793
 0.98278
 0.98335
 0.66790
 0.93022
 0.79067
 0.37879
 0.41300
 0.71753
 0.26339
 0.37821
 0.73850
 0.39736
 0.80096
 0.64769
 0.84085
 0.92359
 0.70060
 0.44702
 0.73760
 0.95467
 0.14501
 0.97543
 0.45388
 0.33449
 0.66358
 0.25767
 0.65025
 0.43409
 0.68426
 0.72904
 0.48230
 0.42663
 0.87543
 0.87814
 0.66880
 0.05020
 0.46449
 0.27040
 0.37448
 0.80525
 0.97715
 0.68596
 0.46056
 0.95122
 0.77849
 0.72102
 0.68910
 0.88714
 0.54822
 0.74524
 0.36657
 0.40778
 0.79058
 0.99415
 0.11839
 0.75287
 0.81324
 0.86475
 0.43068
 0.44395
 0.97619
 0.89085
 0.41689
 0.34317
 0.98555
 0.95851
 0.61986
 0.79676
 0.67518
 0.99164
 0.64071
 0.81939
 0.79820
 0.52985
 0.40590
 0.77941
 0.99679
 0.80870
 0.37512
 0.95149
 0.66950
 0.70985
 0.85972
 0.86579
 0.46858
 0.49945
 0.90740
 0.98652
 0.60220
 0.63828
 0.23908
 0.79995
 0.78611
 0.49297
 0.17831
 0.75166
 0.88583
 0.79405
 0.67631
 0.98105
 0.22397
 0.64921
 0.69439
 0.99636
 0.24666
 0.97428
 0.57105
 0.40652
 0.25609
 0.39158
 0.66438
 0.74410
 0.87777
 0.59945
 0.65379
 0.80428
 0.99089
 0.94455
 0.53703
 0.89702
 0.94319
 0.40153
 0.90850
 0.43371
 0.17386
 0.71111
 0.76917
 0.81417
 0.54432
 0.80387
 0.61510
 0.53597
 0.94883
 0.97433
 0.76950
 0.25753
 0.94351
 0.60806
 0.72505
 0.93306
 0.90271
 0.34993
 0.91804
 0.72165
 0.92755
 0.52349
 0.62655
 0.36713
 0.89863
 0.87875
 0.96560
 0.75742
 0.06695
 0.97187
 0.44927
 0.97076
 0.61462
 0.11724
 0.83480
 0.48830
 0.97128
 0.87190
 0.87880
 0.81890
 0.99260
 0.88005
 0.56401
 0.86921
 0.57870
 0.52944
 0.93003
 0.48084
 0.67887
 0.78476
 0.60290
 0.49924
 0.94181
 0.46795
 0.84959
 0.91750
 0.76384
 0.48873
 0.63224
 0.96392
 0.58014
 0.79934
 0.48166
 0.54850
 0.40304
 0.95745
 0.82288
 0.28069
 0.80391
 0.83107
 0.83364
 0.81056
 0.32849
 0.75294
 0.79590
 0.25253
 0.88246
 0.65350
 0.73092
 0.32173
 0.72348
 0.84695
 0.26887
 0.93861
 0.95841
 0.60076
 0.35838
 0.89583
 0.04225
 0.45486
 0.42924
 0.90691
 0.19410
 0.49513
 0.79601
 0.84117
 0.61175
 0.95043
 0.82599
 0.76895
 0.39941
 0.38740
 0.33629
 0.45223
 0.90796
 0.77236
 0.90402
 0.35006
 0.58835
 0.82084
 0.96920
 0.95023
 0.76195
 0.32941
 0.66465
 0.35543
 0.74081
 0.64942
 0.94242
 0.33968
 0.43389
 0.85632
 0.11816
 0.68080
 0.31125
 0.67054
 0.81651
 0.81856
 0.60994
 0.61275
 0.99076
 0.67249
 0.97302
 0.87952
 0.81040
 0.34228
 0.54649
 0.90421
 0.36199
 0.47303
 0.40242
 0.98358
 0.78033
 0.91825
 0.67535
 0.87405
 0.80510
 0.74679
 0.73640
 0.96167
 0.92147
 0.31996
 0.72440
 0.33142
 0.82444
 0.71591
 0.11471
 0.28244
 0.58740
 0.51189
 0.11342
 0.82450
 0.85563
 0.74693
 0.10320
 0.89822
 0.51973
 0.66101
 0.47645
 0.89510
 0.86561
 0.17290
 0.41591
 0.97841
 0.90623
 0.87607
 0.57526
 0.44816
 0.58001
 0.81397
 0.15481
 0.24363
 0.83619
 0.10924
 0.25743
 0.66965
 0.55710
 0.97389
 0.83321
 0.94622
 0.86297
 0.92723
 0.29215
 0.83037
 0.86770
 0.80913
 0.65090
 0.97915
 0.67982
 0.71101
 0.71920
 0.77261
 0.78576
 0.70250
 0.73907
 0.51665
 0.72815
 0.95746
 0.65253
 0.86561
 0.58047
 0.87573
 0.67939
 0.53488
 0.96852
 0.78063
 0.52457
 0.72315
 0.98029
 0.91101
 0.96419
 0.67774
 0.51495
 0.29679
 0.93260
 0.14972
 0.52254
 0.82938
 0.51165
 0.77525
 0.70548
 0.71698
 0.66934
 0.92925
 0.72370
 0.86168
 0.86426
 0.91727
 0.86690
 0.83157
 0.27523
 0.82523
 0.83082
 0.83356
 0.85310
 0.96876
 0.90487
 0.78594
 0.86818
 0.49826
 0.89161
 0.73884
 0.24421
 0.90395
 0.89140
 0.31541
 0.99621
 0.38500
 0.87216
 0.94877
 0.08686
 0.80882
 0.76049
 0.32637
 0.61398
 0.92642
 0.46379
 0.23654
 0.72826
 0.53214
 0.69733
 0.77056
 0.59852
 0.84718
 0.24312
 0.95625
 0.62644
 0.67822
 0.57606
 0.74860
 0.71297
 0.96558
 0.41688
 0.60711
 0.44985
 0.78660
 0.63862
 0.75934
 0.85332
 0.63067
 0.41461
 0.92898
 0.18832
 0.66197
 0.35652
 0.99052
 0.97250
 0.62180
 0.53214
 0.46245
 0.33987
 0.61255
 0.97509
 0.70112
 0.76147
 0.31313
 0.39596
 0.95017
 0.40967
 0.36864
 0.33736
 0.87972
 0.69638
 0.93141
 0.38411
 0.95388
 0.52499
 0.76267
 0.89895
 0.82209
 0.83137
 0.25514
 0.56336
 0.42108
 0.99451
 0.59651
 0.28228
 0.62316
 0.38259
 0.34356
 0.66894
 0.11957
 0.97747
 0.94884
 0.87630
 0.10383
 0.77857
 0.48145
 0.40436
 0.26990
 0.50057
 0.94970
 0.92279
 0.83144
 0.97050
 0.55913
 0.81254
 0.64710
 0.82308
 0.76411
 0.80221
 0.26895
 0.18846
 0.83351
 0.61625
 0.54667
 0.75394
 0.07574
 0.91952
 0.74681
 0.81055
 0.36817
 0.77020
 0.62183
 0.97022
 0.77958
 0.36950
 0.28742
 0.89124
 0.61997
 0.37399
 0.74466
 0.62360
 0.59109
 0.95915
 0.92855
 0.24307
 0.90026
 0.25185
 0.19811
 0.47828
 0.89557
 0.75153
 0.81953
 0.60893
 0.79895
 0.35387
 0.73457
 0.81240
 0.89853
 0.81278
 0.38121
 0.87569
 0.73384
 0.81639
 0.18182
 0.35943
 0.66568
 0.65380
 0.61507
 0.52864
 0.92811
 0.13856
 0.46668
 0.94828
 0.72264
 0.90504
 0.97610
 0.63892
 0.86707
 0.69564
 0.21264
 0.99348
 0.84681
 0.20288
 0.66054
 0.61178
 0.86040
 0.56525
 0.58970
 0.94520
 0.93658
 0.55741
 0.86693
 0.70604
 0.59551
 0.83746
 0.97473
 0.68249
 0.97857
 0.63909
 0.69631
 0.89305
 0.70058
 0.68840
 0.97031
 0.94771
 0.97751
 0.85622
 0.46645
 0.89662
 0.86318
 0.82651
 0.94738
 0.34300
 0.79457
 0.41196
 0.23187
 0.96556
 0.66336
 0.81880
 0.77676
 0.52194
 0.36093
 0.82533
 0.53088
 0.43304
 0.84172
 0.75759
 0.34598
 0.50320
 0.08788
 0.32933
 0.45050
 0.98320
 0.98169
 0.93589
 0.98403
 0.52969
 0.90405
 0.77739
 0.01673
 0.57160
 0.97379
 0.19694
 0.58349
 0.34305
 0.20298
 0.94834
 0.63447
 0.43356
 0.80796
 0.64330
 0.82580
 0.99933
 0.21717
 0.74054
 0.49738
 0.26850
 0.94718
 0.72353
 0.85179
 0.92067
 0.80701
 0.87931
 0.61729
 0.96691
 0.46952
 0.78052
 0.72299
 0.40499
 0.74993
 0.61779
 0.96071
 0.58781
 0.81081
 0.68426
 0.21412
 0.62428
 0.97943
 0.35679
 0.24217
 0.39373
 0.95614
 0.47796
 0.62812
 0.71395
 0.40357
 0.72405
 0.97756
 0.62539
 0.56683
 0.81533
 0.25100
 0.79844
 0.79340
 0.50848
 0.36708
 0.92170
 0.73753
 0.33857
 0.22534
 0.69931
 0.89172
 0.84226
 0.82655
 0.15643
 0.76401
 0.54135
 0.20854
 0.94607
 0.77824
 0.99751
 0.59469
 0.45881
 0.67627
 0.59114
 0.50510
 0.90551
 0.97550
 0.55114
 0.34640
 0.95371
 0.40395
 0.59805
 0.93411
 0.58349
 0.57505
 0.58146
 0.18606
 0.79155
 0.17798
 0.97864
 0.28529
 0.99039
 0.96100
 0.58507
 0.34743
 0.94813
 0.78242
 0.86924
 0.88850
 0.59856
 0.84630
 0.32996
 0.59465
 0.33951
 0.58594
 0.37830
 0.56995
 0.77308
 0.57937
 0.87869
 0.62077
 0.27182
 0.66752
 0.10873
 0.98289
 0.13023
 0.75310
 0.41909
 0.55479
 0.79838
 0.78114
 0.85571
 0.97694
 0.70401
 0.71339
 0.44035
 0.65358
 0.58595
 0.70725
 0.72163
 0.63220
 0.67089
 0.83511
 0.78219
 0.39891
 0.46038
 0.90731
 0.87207
 0.49308
 0.89368
 0.94424
 0.32808
 0.56567
 0.56966
 0.71627
 0.30352
 0.67177
 0.36182
 0.87176
 0.21755
 0.97583
 0.49529
 0.80725
 0.86318
 0.22650
 0.63196
 0.95920
 0.82360
 0.38047
 0.50283
 0.56685
 0.89884
 0.75195
 0.94679
 0.94130
 0.84666
 0.37715
 0.56288
 0.88239
 0.57426
 0.87887
 0.94778
 0.38375
 0.80898
 0.65407
 0.74416
 0.84869
 0.76499
 0.09825
 0.98525
 0.99932
 0.51102
 0.97521
 0.07256
 0.87153
 0.55488
 0.84103
 0.55905
 0.23869
 0.43730
 0.59214
 0.92990
 0.52839
 0.30697
 0.34044
 0.56489
 0.49080
 0.72335
 0.49549
 0.68836
 0.78379
 0.86439
 0.79083
 0.83498
 0.88274
 0.34597
 0.69586
 0.66654
 0.98752
 0.81326
 0.42347
 0.87728
 0.37646
 0.90515
 0.61681
 0.79541
 0.84853
 0.94424
 0.98602
 0.92148
 0.93505
 0.95388
 0.83782
 0.88782
 0.74956
 0.88267
 0.15768
 0.36986
 0.80533
 0.78340
 0.97719
 0.38918
 0.94860
 0.67036
 0.98902
 0.84280
 0.80774
 0.57337
 0.55343
 0.21756
 0.24565
 0.73094
 0.42008
 0.79681
 0.91634
 0.78783
 0.73268
 0.29521
 0.88415
 0.98874
 0.83955
 0.68852
 0.62008
 0.81500
 0.23673
 0.85514
 0.33649
 0.91188
 0.75858
 0.57679
 0.42812
 0.92390
 0.74236
 0.87543
 0.09872
 0.59813
 0.04933
 0.76631
 0.59522
 0.85846
 0.95651
 0.68828
 0.70031
 0.53288
 0.74706
 0.32566
 0.61623
 0.78358
 0.93716
 0.63965
 0.99733
 0.81132
 0.11931
 0.56890
 0.98037
 0.94264
 0.60410
 0.71260
 0.59716
 0.79114
 0.99338
 0.65376
 0.90514
 0.91024
 0.47923
 0.79606
 0.76085
 0.76972
 0.91001
 0.66028
 0.49685
 0.99334
 0.89091
 0.79916
 0.95050
 0.15847
 0.72638
 0.71051
 0.63518
 0.77617
 0.83438
 0.76931
 0.68406
 0.96883
 0.96978
 0.63652
 0.44217
 0.67159
 0.90087
 0.62829
 0.97446
 0.91023
 0.72978
 0.91770
 0.75631
 0.98681
 0.68497
 0.51101
 0.46355
 0.99146
 0.91347
 0.51360
 0.92799
 0.72478
 0.89879
 0.76636
 0.81646
 0.37043
 0.86691
 0.77513
 0.62887
 0.99473
 0.45499
 0.54380
 0.51423
 0.40688
 0.70648
 0.74570
 0.41322
 0.99740
 0.96929
 0.46871
 0.94867
 0.68372
 0.73223
 0.39123
 0.95970
 0.99486
 0.90968
 0.27746
 0.53912
 0.91102
 0.30833
 0.67923
 0.66823
 0.83428
 0.28673
 0.83977
 0.49386
 0.50390
 0.78683
 0.77476
 0.61724
 0.77130
 0.65901
 0.34233
 0.85324
 0.98562
 0.74815
 0.85100
 0.88084
 0.87563
 0.52842
 0.80757
 0.93465
 0.91866
 0.35828
 0.71062
 0.25452
 0.85903
 0.97670
 0.64965
 0.41837
 0.58222
 0.80146
 0.73594
 0.36840
 0.30709
 0.93623
 0.61284
 0.92164
 0.97682
 0.98085
 0.90731
 0.41928
 0.98569
 0.95205
 0.71996
 0.89033
 0.75858
 0.84214
 0.77810
 0.74540
 0.62400
 0.78734
 0.64889
 0.55426
 0.92654
 0.27489
 0.67796
 0.49771
 0.48130
 0.48516
 0.59514
 0.82476
 0.72102
 0.77498
 0.90696
 0.89707
 0.64454
 0.82102
 0.38808
 0.75824
 0.73131
 0.78098
 0.77136
 0.15509
 0.46005
 0.97539
 0.82861
 0.48137
 0.54358
 0.29712
 0.89682
 0.96269
 0.58840
 0.49156
 0.95878
 0.92129
 0.91042
 0.81529
 0.35229
 0.44883
 0.90007
 0.62540
 0.27495
 0.70479
 0.81599
 0.28753
 0.31555
 0.49675
 0.51663
 0.88111
 0.21466
 0.16663
 0.86171
 0.68664
 0.86489
 0.86409
 0.95288
 0.67229
 0.66439
 0.76546
 0.49454
 0.10680
 0.38234
 0.23402
 0.49901
 0.70047
 0.79023
 0.44070
 0.94173
 0.35811
 0.49315
 0.96645
 0.20885
 0.85743
 0.71477
 0.72789
 0.92731
 0.69999
 0.80449
 0.60931
 0.41474
 0.69431
 0.44353
 0.16033
 0.81683
 0.52502
 0.41412
 0.83639
 0.50316
 0.21258
 0.96903
 0.63532
 0.98016
 0.98145
 0.94133
 0.60581
 0.72409
 0.60443
 0.54808
 0.57959
 0.88367
 0.26203
 0.83240
 0.78564
 0.88818
 0.28885
 0.72554
 0.58235
 0.48551
 0.46373
 0.60459
 0.97788
 0.33873
 0.85577
 0.50599
 0.60698
 0.74619
 0.52785
 0.41661
 0.56452
 0.86600
 0.44872
 0.91814
 0.46835
 0.79737
 0.64034
 0.84370
 0.98406
 0.57598
 0.86050
 0.66814
 0.77391
 0.65990
 0.77253
 0.78454
 0.73950
 0.79428
 0.20202
 0.34542
 0.78206
 0.98464
 0.64130
 0.40679
 0.65096
 0.86324
 0.51109
 0.38357
 0.65980
 0.57326
 0.46155
 0.94646
 0.79500
 0.44740
 0.75354
 0.64436
 0.84286
 0.50282
 0.72103
 0.50985
 0.90375
 0.71423
 0.97387
 0.14595
 0.42436
 0.49933
 0.56788
 0.98737
 0.28097
 0.19603
 0.71648
 0.32135
 0.89703
 0.69577
 0.61034
 0.76592
 0.87890
 0.17107
 0.71593
 0.86107
 0.82370
 0.77061
 0.66931
 0.64549
 0.62409
 0.50567
 0.49108
 0.77495
 0.89612
 0.56110
 0.54862
 0.86144
 0.92096
 0.30178
 0.94377
 0.45264
 0.67260
 0.96075
 0.29253
 0.79239
 0.53102
 0.74294
 0.97862
 0.12212
 0.77158
 0.99611
 0.89363
 0.59699
 0.78387
 0.64137
 0.91623
 0.65306
 0.89103
 0.82773
 0.78898
 0.43860
 0.37034
 0.33435
 0.72849
 0.89862
 0.83417
 0.80489
 0.90527
 0.79207
 0.63277
 0.80953
 0.23067
 0.77074
 0.69927
 0.61431
 0.75957
 0.05293
 0.65413
 0.58787
 0.41913
 0.22511
 0.81290
 0.75037
 0.72972
 0.98441
 0.61514
 0.59953
 0.94610
 0.92718
 0.39596
 0.64857
 0.78501
 0.45468
 0.47919
 0.64663
 0.91102
 0.92159
 0.75292
 0.44908
 0.89113
 0.53460
 0.81426
 0.92190
 0.98757
 0.71338
 0.85651
 0.45925
 0.94410
 0.99350
 0.86096
 0.79733
 0.38547
 0.08967
 0.96779
 0.25563
 0.78157
 0.91210
 0.70640
 0.75132
 0.59033
 0.51111
 0.59620
 0.16297
 0.77658
 0.54004
 0.55060
 0.45086
 0.64818
 0.85032
 0.79014
 0.18002
 0.69877
 0.73839
 0.38259
 0.62643
 0.13485
 0.58908
 0.97466
 0.71108
 0.59326
 0.57676
 0.84277
 0.63425
 0.83960
 0.35408
 0.88672
 0.32742
 0.77401
 0.34894
 0.97239
 0.51398
 0.17635
 0.76224
 0.51932
 0.93191
 0.81913
 0.58311
 0.84366
 0.96357
 0.06932
 0.99870
 0.49849
 0.54901
 0.73199
 0.48411
 0.61666
 0.73053
 0.81448
 0.76080
 0.55021
 0.06147
 0.72991
 0.43037
 0.48081
 0.87743
 0.70609
 0.54272
 0.26323
 0.96875
 0.83093
 0.65103
 0.62004
 0.47702
 0.57673
 0.91355
 0.60665
 0.93286
 0.95822
 0.41258
 0.80445
 0.27490
 0.50419
 0.76824
 0.98537
 0.95347
 0.50071
 0.59525
 0.57862
 0.84605
 0.56126
 0.28792
 0.10953
 0.80233
 0.20558
 0.85329
 0.24479
 0.76993
 0.22304
 0.97752
 0.70112
 0.97465
 0.81120
 0.84613
 0.59013
 0.27543
 0.71425
 0.10488
 0.86697
 0.66718
 0.36765
 0.42615
 0.88957
 0.36366
 0.67223
 0.38675
 0.56279
 0.75299
 0.92285
 0.76653
 0.52578
 0.59877
 0.51332
 0.46629
 0.74569
 0.30440
 0.94020
 0.86075
 0.85343
 0.82043
 0.28985
 0.86154
 0.45653
 0.75306
 0.68525
 0.57365
 0.44808
 0.79966
 0.62209
 0.56307
 0.91047
 0.69796
 0.77193
 0.64250
 0.81206
 0.80078
 0.51929
 0.06644
 0.96131
 0.94348
 0.39922
 0.90221
 0.63946
 0.73588
 0.12418
 0.96060
 0.73227
 0.77263
 0.74800
 0.79097
 0.31894
 0.43438
 0.98659
 0.66482
 0.96860
 0.65288
 0.96987
 0.44403
 0.66438
 0.95937
 0.35682
 0.61918
 0.39625
 0.90381
 0.83768
 0.82661
 0.79353
 0.61836
 0.22687
 0.97176
 0.57876
 0.73024
 0.61616
 0.89629
 0.60021
 0.60889
 0.31348
 0.92940
 0.71693
 0.68648
 0.93195
 0.48492
 0.84353
 0.30632
 0.60337
 0.65281
 0.77051
 0.34821
 0.75469
 0.69225
 0.98768
 0.80970
 0.76508
 0.40707
 0.76753
 0.19084
 0.82235
 0.91895
 0.85749
 0.88673
 0.30371
 0.97625
 0.81161
 0.54969
 0.42466
 0.72838
 0.46057
 0.52441
 0.91043
 0.07338
 0.80725
 0.46293
 0.87791
 0.48735
 0.63539
 0.72561
 0.78855
 0.98141
 0.98662
 0.77359
 0.61002
 0.57898
 0.84138
 0.92002
 0.97816
 0.66238
 0.72760
 0.79248
 0.74767
 0.36759
 0.39130
 0.99370
 0.96501
 0.42186
 0.63822
 0.06332
 0.91267
 0.95948
 0.87406
 0.86286
 0.95308
 0.94262
 0.52864
 0.89627
 0.15599
 0.98440
 0.90738
 0.98542
 0.60031
 0.70955
 0.23325
 0.68215
 0.43362
 0.89339
 0.84990
 0.16558
 0.86547
 0.58243
 0.13088
 0.84194
 0.37335
 0.96169
 0.20555
 0.73916
 0.81901
 0.65115
 0.94340
 0.64493
 0.78503
 0.98231
 0.41934
 0.83948
 0.74526
 0.16253
 0.59331
 0.39971
 0.95154
 0.53043
 0.95289
 0.56240
 0.76964
 0.46651
 0.48070
 0.33896
 0.38741
 0.83495
 0.60111
 0.25750
 0.32474
 0.69606
 0.84821
 0.85208
 0.87413
 0.53799
 0.83965
 0.32291
 0.39395
 0.92173
 0.71000
 0.86514
 0.25830
 0.80842
 0.71254
 0.06501
 0.63348
 0.99492
 0.60302
 0.43843
 0.75584
 0.86640
 0.74639
 0.65294
 0.26324
 0.62838
 0.85629
 0.75448
 0.71943
 0.08280
 0.79000
 0.97989
 0.60622
 0.80832
 0.68256
 0.37857
 0.61674
 0.81434
 0.32592
 0.88172
 0.18348
 0.69848
 0.88482
 0.67306
 0.71516
 0.95572
 0.62456
 0.39247
 0.87543
 0.58642
 0.93509
 0.81450
 0.95968
 0.73800
 0.79663
 0.56258
 0.88203
 0.80459
 0.95986
 0.93280
 0.76082
 0.88029
 0.86492
 0.64266
 0.83767
 0.85427
 0.95727
 0.44622
 0.48564
 0.41664
 0.61524
 0.42129
 0.45267
 0.75478
 0.56454
 0.92750
 0.68124
 0.73345
 0.52790
 0.76009
 0.85457
 0.55870
 0.41634
 0.79021
 0.55443
 0.91616
 0.81676
 0.92487
 0.52173
 0.70502
 0.70792
 0.95807
 0.71543
 0.70092
 0.97329
 0.62996
 0.34711
 0.66170
 0.85953
 0.71372
 0.99008
 0.85037
 0.46831
 0.99237
 0.17985
 0.41957
 0.51846
 0.85984
 0.93499
 0.46700
 0.85866
 0.63270
 0.88464
 0.37770
 0.70125
 0.41040
 0.75579
 0.54924
 0.63820
 0.82979
 0.47839
 0.64687
 0.65789
 0.56212
 0.63290
 0.89746
 0.74693
 0.79904
 0.93996
 0.19065
 0.75956
 0.83844
 0.17814
 0.98969
 0.78060
 0.87218
 0.25348
 0.93101
 0.44544
 0.81194
 0.72393
 0.73441
 0.79197
 0.36899
 0.87998
 0.78396
 0.96594
 0.67563
 0.92624
 0.50502
 0.74910
 0.58341
 0.27335
 0.48812
 0.86747
 0.39420
 0.85440
 0.82565
 0.72006
 0.60696
 0.99239
 0.71135
 0.43431
 0.53600
 0.64873
 0.35139
 0.48410
 0.61798
 0.95951
 0.70037
 0.61840
 0.80259
 0.54093
 0.59410
 0.96066
 0.76303
 0.98138
 0.57690
 0.89489
 0.66635
 0.70869
 0.65582
 0.39767
 0.93740
 0.68389
 0.78931
 0.69508
 0.75894
 0.26054
 0.15266
 0.42781
 0.19506
 0.85544
 0.45694
 0.89571
 0.94792
 0.41098
 0.57756
 0.84449
 0.60173
 0.83001
 0.46816
 0.78248
 0.26195
 0.67205
 0.96996
 0.68616
 0.27304
 0.93781
 0.33780
 0.35294
 0.92311
 0.23311
 0.96820
 0.73524
 0.20051
 0.54681
 0.60677
 0.57762
 0.59643
 0.72799
 0.66544
 0.47230
 0.94559
 0.90974
 0.72170
 0.98566
 0.63347
 0.48124
 0.99358
 0.68338
 0.30770
 0.96990
 0.95536
 0.31608
 0.21499
 0.75732
 0.87224
 0.74363
 0.46496
 0.94437
 0.98875
 0.45739
 0.80423
 0.71128
 0.81308
 0.81710
 0.87365
 0.56665
 0.70467
 0.81276
 0.63502
 0.74604
 0.45120
 0.95197
 0.88194
 0.78924
 0.45033
 0.97719
 0.92140
 0.55437
 0.60876
 0.85738
 0.90860
 0.27775
 0.96020
 0.82867
 0.22406
 0.40149
 0.97561
 0.70990
 0.79337
 0.77317
 0.90110
 0.49660
 0.67983
 0.86209
 0.95519
 0.62488
 0.55696
 0.10177
 0.17572
 0.53882
 0.77028
 0.84752
 0.48530
 0.89351
 0.90057
 0.70602
 0.38834
 0.99216
 0.45492
 0.50571
 0.53029
 0.47076
 0.89485
 0.95763
 0.66787
 0.84997
 0.94032
 0.97236
 0.99159
 0.47240
 0.86030
 0.64385
 0.85124
 0.97875
 0.95344
 0.72460
 0.34578
 0.09648
 0.45423
 0.78046
 0.40306
 0.56433
 0.66579
 0.70106
 0.66750
 0.93110
 0.39188
 0.70085
 0.81002
 0.61794
 0.67848
 0.42842
 0.52831
 0.65998
 0.78952
 0.68216
 0.42629
 0.33067
 0.75845
 0.70599
 0.71918
 0.73089
 0.91272
 0.30402
 0.70530
 0.49607
 0.47436
 0.32791
 0.73962
 0.87822
 0.56483
 0.35167
 0.68745
 0.71656
 0.37362
 0.46080
 0.75782
 0.76671
 0.83344
 0.92567
 0.91049
 0.38525
 0.30396
 0.77016
 0.40574
 0.86397
 0.98643
 0.69300
 0.25078
 0.41875
 0.74189
 0.66643
 0.68225
 0.09842
 0.11598
 0.75578
 0.67387
 0.60219
 0.85632
 0.75781
 0.93569
 0.77221
 0.89150
 0.54751
 0.78476
 0.20382
 0.63502
 0.55166
 0.64510
 0.56882
 0.87383
 0.98056
 0.85924
 0.38444
 0.59844
 0.67400
 0.61689
 0.47516
 0.91818
 0.86367
 0.49747
 0.48159
 0.87219
 0.50687
 0.56557
 0.82616
 0.55564
 0.78851
 0.67139
 0.84847
 0.71638
 0.67561
 0.49169
 0.80935
 0.85249
 0.33529
 0.16171
 0.75504
 0.84088
 0.27673
 0.36208
 0.43352
 0.37012
 0.80663
 0.14399
 0.13601
 0.83921
 0.92145
 0.94293
 0.81663
 0.66748
 0.99788
 0.78314
 0.91403
 0.69598
 0.85934
 0.67099
 0.59742
 0.66271
 0.74458
 0.80558
 0.33227
 0.39142
 0.92626
 0.77463
 0.30351
 0.52992
 0.59116
 0.68984
 0.41269
 0.62934
 0.95534
 0.76446
 0.61369
 0.65032
 0.16995
 0.41461
 0.94057
 0.83211
 0.86251
 0.80981
 0.88613
 0.88404
 0.45354
 0.54773
 0.99341
 0.85147
 0.48009
 0.22106
 0.93730
 0.78517
 0.73825
 0.68344
 0.52599
 0.99497
 0.70759
 0.19599
 0.84375
 0.14791
 0.61907
 0.88796
 0.62324
 0.83662
 0.97380
 0.98815
 0.93524
 0.23278
 0.48201
 0.52585
 0.89676
 0.95365
 0.34521
 0.82285
 0.92715
 0.88062
 0.57017
 0.16978
 0.44685
 0.50814
 0.87438
 0.84358
 0.80758
 0.34429
 0.23588
 0.40107
 0.89203
 0.28944
 0.92275
 0.80575
 0.61680
 0.76568
 0.21242
 0.80819
 0.83257
 0.86553
 0.74567
 0.77629
 0.72061
 0.16945
 0.12554
 0.20003
 0.95811
 0.57266
 0.13198
 0.78553
 0.99162
 0.37425
 0.82248
 0.83885
 0.95158
 0.99474
 0.78470
 0.62722
 0.87843
 0.93922
 0.54594
 0.57092
 0.74884
 0.44743
 0.77619
 0.88094
 0.86374
 0.37648
 0.44901
 0.83765
 0.93292
 0.77431
 0.51384
 0.91523
 0.58830
 0.28882
 0.17858
 0.42579
 0.96854
 0.60158
 0.82064
 0.96148
 0.76213
 0.81894
 0.85325
 0.84950
 0.87814
 0.80741
 0.89212
 0.58642
 0.81076
 0.67663
 0.72362
 0.44983
 0.76600
 0.99691
 0.48798
 0.75369
 0.41901
 0.80546
 0.46846
 0.31899
 0.51154
 0.65928
 0.86855
 0.95336
 0.48081
 0.29304
 0.44826
 0.36269
 0.55204
 0.94929
 0.54337
 0.62650
 0.93426
 0.73912
 0.48520
 0.23116
 0.75030
 0.50229
 0.16142
 0.73953
 0.93107
 0.53361
 0.64483
 0.70611
 0.32766
 0.72389
 0.26486
 0.95096
 0.70561
 0.80615
 0.55753
 0.83381
 0.76172
 0.46882
 0.46357
 0.80432
 0.69975
 0.68687
 0.78481
 0.02241
 0.60022
 0.51402
 0.61567
 0.77042
 0.63718
 0.47573
 0.79774
 0.42478
 0.31154
 0.82303
 0.57635
 0.89652
 0.96628
 0.57247
 0.94855
 0.78931
 0.96589
 0.83995
 0.16451
 0.76532
 0.86337
 0.75439
 0.85029
 0.54132
 0.82965
 0.76687
 0.85371
 0.31755
 0.41424
 0.51176
 0.47844
 0.46262
 0.82492
 0.26912
 0.59742
 0.62116
 0.99050
 0.61637
 0.94646
 0.65981
 0.70763
 0.62010
 0.82087
 0.86762
 0.96670
 0.30550
 0.74904
 0.58707
 0.32004
 0.78282
 0.89882
 0.80595
 0.31501
 0.87912
 0.85747
 0.56318
 0.92469
 0.90498
 0.74091
 0.94007
 0.81009
 0.56136
 0.48382
 0.17524
 0.78690
 0.85674
 0.69480
 0.50039
 0.37796
 0.47383
 0.28568
 0.82069
 0.80994
 0.91810
 0.77236
 0.86574
 0.23493
 0.43046
 0.81869
 0.53417
 0.60871
 0.88787
 0.98731
 0.61873
 0.14409
 0.03351
 0.72941
 0.98670
 0.78306
 0.79000
 0.96590
 0.78079
 0.92608
 0.54489
 0.59373
 0.41444
 0.79931
 0.97596
 0.11352
 0.33609
 0.12208
 0.44023
 0.97769
 0.97785
 0.89113
 0.81318
 0.82404
 0.73140
 0.29470
 0.44409
 0.98893
 0.24309
 0.10993
 0.62177
 0.80622
 0.93833
 0.81723
 0.55742
 0.60739
 0.77869
 0.86307
 0.73953
 0.82252
 0.68486
 0.28795
 0.59300
 0.72486
 0.97389
 0.69969
 0.83144
 0.78999
 0.56170
 0.92690
 0.77792
 0.84851
 0.43960
 0.82453
 0.71347
 0.68894
 0.87810
 0.82536
 0.30166
 0.90431
 0.72929
 0.72129
 0.86654
 0.99486
 0.57861
 0.41729
 0.73518
 0.45892
 0.80063
 0.83059
 0.79017
 0.25824
 0.72709
 0.99474
 0.71797
 0.83709
 0.51606
 0.45254
 0.32606
 0.34293
 0.94310
 0.25676
 0.40614
 0.49255
 0.92310
 0.71233
 0.96060
 0.96895
 0.82082
 0.73291
 0.37842
 0.89069
 0.96802
 0.28202
 0.99522
 0.62898
 0.84435
 0.41043
 0.98233
 0.18743
 0.90274
 0.82095
 0.93705
 0.42102
 0.52302
 0.16910
 0.86531
 0.89371
 0.74960
 0.18868
 0.64743
 0.65005
 0.44683
 0.18213
 0.17456
 0.64573
 0.88003
 0.82816
 0.48285
 0.26197
 0.89673
 0.25446
 0.90559
 0.90130
 0.16886
 0.64746
 0.79260
 0.58559
 0.71075
 0.37710
 0.07828
 0.75860
 0.71130
 0.63706
 0.65829
 0.88368
 0.80780
 0.79158
 0.80942
 0.31641
 0.97952
 0.44209
 0.77524
 0.79117
 0.76904
 0.33872
 0.45957
 0.35425
 0.95715
 0.94122
 0.70836
 0.34160
 0.93986
 0.40655
 0.69967
 0.92499
 0.94982
 0.33869
 0.70606
 0.77116
 0.84326
 0.86431
 0.49751
 0.35012
 0.79409
 0.96876
 0.65499
 0.96360
 0.67842
 0.67269
 0.74123
 0.88807
 0.79415
 0.51285
 0.88812
 0.39671
 0.72919
 0.95701
 0.37063
 0.70576
 0.19927
 0.88619
 0.72939
 0.58835
 0.67293
 0.88682
 0.69646
 0.92338
 0.59614
 0.89372
 0.32760
 0.86363
 0.69055
 0.79411
 0.88260
 0.14340
 0.35252
 0.52228
 0.96234
 0.25155
 0.78299
 0.95215
 0.90462
 0.71909
 0.63258
 0.66298
 0.69482
 0.71088
 0.48190
 0.78674
 0.66085
 0.74689
 0.17295
 0.63923
 0.36626
 0.70658
 0.81053
 0.54931
 0.94966
 0.75191
 0.73908
 0.78922
 0.50513
 0.81041
 0.96809
 0.99702
 0.32523
 0.64520
 0.26740
 0.70505
 0.53090
 0.42629
 0.27469
 0.54495
 0.70482
 0.66418
 0.38297
 0.70493
 0.62736
 0.50524
 0.79786
 0.59337
 0.85729
 0.58818
 0.70889
 0.55258
 0.98851
 0.98090
 0.50786
 0.22452
 0.84199
 0.82427
 0.42812
 0.37447
 0.95114
 0.54793
 0.46934
 0.37031
 0.57845
 0.86748
 0.26367
 0.71609
 0.87950
 0.64808
 0.77108
 0.77604
 0.58151
 0.65324
 0.72087
 0.40022
 0.13621
 0.20886
 0.84862
 0.31326
 0.82331
 0.90236
 0.93888
 0.96586
 0.98405
 0.69117
 0.77607
 0.79890
 0.99907
 0.74852
 0.65029
 0.73365
 0.81672
 0.79805
 0.27464
 0.47187
 0.70118
 0.60583
 0.34767
 0.58690
 0.65670
 0.78088
 0.62740
 0.94048
 0.96424
 0.38571
 0.93670
 0.52686
 0.56485
 0.94915
 0.67124
 0.99165
 0.22819
 0.23222
 0.77246
 0.92690
 0.25235
 0.71004
 0.62508
 0.56810
 0.99865
 0.98597
 0.48855
 0.49364
 0.83959
 0.82197
 0.51055
 0.87736
 0.37536
 0.58771
 0.91689
 0.95412
 0.51401
 0.94058
 0.94714
 0.86436
 0.16886
 0.97162
 0.83657
 0.84090
 0.35776
 0.97732
 0.73646
 0.67595
 0.78532
 0.66657
 0.63990
 0.65754
 0.70203
 0.51230
 0.93559
 0.87298
 0.52234
 0.50992
 0.21148
 0.45127
 0.68116
 0.77199
 0.79264
 0.24199
 0.86366
 0.66052
 0.75405
 0.73933
 0.94192
 0.68293
 0.69336
 0.79284
 0.99660
 0.21764
 0.52919
 0.54792
 0.89341
 0.24032
 0.51772
 0.69830
 0.54338
 0.82676
 0.89997
 0.71625
 0.69789
 0.12473
 0.60793
 0.25778
 0.99718
 0.43853
 0.50496
 0.64922
 0.97792
 0.33091
 0.73005
 0.77472
 0.74815
 0.75953
 0.64524
 0.96285
 0.85250
 0.76940
 0.83328
 0.86535
 0.91062
 0.97521
 0.46877
 0.83393
 0.20644
 0.90262
 0.82783
 0.36012
 0.93903
 0.69236
 0.98250
 0.84568
 0.71670
 0.99937
 0.94539
 0.85591
 0.72889
 0.69177
 0.73638
 0.64275
 0.51002
 0.29979
 0.68764
 0.16497
 0.37270
 0.82060
 0.81248
 0.83382
 0.36752
 0.46123
 0.28281
 0.57510
 0.61421
 0.67712
 0.35298
 0.39708
 0.79069
 0.97767
 0.03274
 0.82132
 0.81862
 0.54709
 0.54413
 0.67779
 0.92765
 0.99610
 0.88823
 0.71344
 0.91975
 0.62718
 0.93576
 0.72196
 0.22511
 0.98011
 0.86719
 0.47014
 0.71781
 0.81859
 0.92365
 0.54861
 0.47652
 0.54160
 0.87462
 0.86804
 0.53565
 0.78059
 0.22091
 0.96722
 0.66056
 0.53007
 0.47365
 0.56954
 0.59195
 0.97370
 0.17372
 0.42417
 0.87594
 0.75228
 0.63700
 0.70082
 0.87938
 0.57639
 0.06235
 0.90780
 0.96906
 0.32833
 0.84922
 0.94397
 0.57676
 0.80002
 0.65061
 0.38719
 0.60093
 0.56847
 0.68481
 0.56781
 0.55270
 0.75930
 0.35049
 0.91936
 0.92883
 0.98641
 0.40007
 0.66207
 0.76764
 0.17307
 0.89438
 0.66087
 0.83922
 0.89830
 0.63620
 0.97400
 0.81134
 0.27589
 0.38114
 0.24365
 0.34894
 0.72938
 0.87967
 0.27590
 0.94819
 0.50617
 0.30873
 0.77201
 0.77308
 0.21157
 0.92884
 0.57204
 0.66936
 0.64075
 0.54347
 0.66767
 0.86587
 0.62243
 0.72799
 0.71104
 0.83349
 0.91766
 0.79788
 0.85523
 0.51684
 0.37956
 0.35880
 0.43137
 0.73562
 0.73268
 0.84177
 0.35209
 0.60017
 0.78886
 0.29456
 0.86537
 0.50770
 0.99134
 0.93545
 0.83393
 0.95508
 0.56543
 0.58745
 0.86264
 0.10538
 0.85769
 0.56742
 0.72142
 0.94778
 0.73923
 0.68465
 0.57195
 0.53284
 0.40120
 0.39096
 0.91701
 0.64636
 0.51632
 0.59566
 0.53225
 0.19861
 0.72346
 0.70824
 0.37362
 0.89064
 0.62122
 0.55682
 0.10824
 0.72259
 0.91101
 0.74413
 0.61580
 0.35908
 0.59422
 0.78789
 0.84393
 0.32714
 0.80540
 0.10999
 0.74345
 0.89201
 0.84373
 0.47766
 0.28894
 0.77035
 0.22158
 0.63705
 0.61055
 0.68435
 0.47904
 0.87854
 0.99391
 0.68131
 0.63991
 0.38236
 0.38103
 0.89742
 0.70418
 0.32372
 0.70495
 0.16911
 0.60804
 0.66698
 0.70756
 0.86108
 0.69234
 0.80345
 0.71169
 0.37597
 0.36976
 0.17554
 0.50611
 0.94345
 0.72911
 0.88662
 0.36840
 0.58258
 0.66425
 0.93176
 0.37426
 0.98677
 0.12395
 0.86895
 0.62199
 0.73611
 0.92581
 0.86452
 0.28563
 0.82831
 0.25711
 0.67817
 0.86110
 0.59278
 0.50118
 0.36825
 0.67279
 0.90534
 0.89372
 0.57474
 0.38262
 0.16734
 0.37200
 0.60383
 0.66371
 0.79498
 0.92247
 0.21738
 0.56475
 0.77159
 0.87422
 0.81346
 0.68047
 0.47667
 0.86059
 0.44255
 0.62595
 0.84936
 0.30684
 0.63127
 0.10889
 0.32244
 0.75584
 0.95033
 0.93033
 0.54500
 0.70142
 0.12074
 0.64453
 0.75433
 0.73901
 0.22166
 0.19531
 0.99723
 0.90254
 0.49678
 0.58364
 0.70214
 0.61491
 0.71461
 0.48942
 0.34139
 0.85746
 0.93639
 0.40201
 0.70509
 0.56158
 0.38414
 0.67458
 0.99757
 0.97561
 0.89237
 0.88175
 0.88830
 0.80387
 0.60602
 0.74157
 0.82973
 0.70407
 0.29936
 0.91550
 0.87485
 0.85860
 0.51068
 0.51117
 0.67932
 0.30351
 0.47383
 0.58570
 0.15082
 0.95605
 0.78331
 0.47010
 0.88333
 0.90320
 0.74751
 0.84930
 0.68921
 0.69017
 0.54938
 0.96969
 0.57844
 0.67977
 0.57491
 0.78795
 0.70502
 0.92055
 0.62652
 0.82903
 0.77973
 0.40618
 0.87661
 0.63790
 0.63969
 0.49586
 0.81908
 0.81438
 0.75972
 0.81121
 0.29377
 0.46852
 0.20125
 0.36921
 0.36337
 0.15051
 0.90149
 0.83805
 0.38438
 0.33109
 0.87963
 0.45519
 0.98611
 0.94045
 0.74979
 0.92643
 0.65253
 0.69528
 0.96702
 0.77853
 0.97217
 0.94774
 0.70221
 0.67884
 0.24785
 0.93222
 0.75753
 0.81946
 0.41927
 0.60356
 0.92889
 0.77476
 0.81203
 0.87254
 0.96542
 0.34987
 0.75965
 0.69128
 0.88015
 0.63644
 0.62367
 0.88619
 0.91384
 0.56975
 0.53230
 0.50390
 0.86837
 0.55384
 0.29136
 0.20477
 0.53620
 0.53138
 0.64694
 0.96044
 0.92465
 0.66838
 0.33771
 0.91126
 0.85647
 0.51582
 0.30702
 0.66889
 0.64668
 0.55347
 0.86724
 0.59862
 0.60690
 0.86467
 0.43660
 0.44135
 0.59711
 0.33361
 0.77783
 0.98511
 0.10589
 0.66576
 0.97709
 0.87911
 0.36060
 0.70920
 0.56719
 0.64147
 0.23005
 0.04197
 0.03864
 0.06685
 0.79044
 0.44713
 0.59332
 0.85111
 0.83597
 0.94123
 0.90372
 0.91487
 0.18687
 0.76436
 0.84733
 0.79219
 0.54672
 0.64988
 0.97566
 0.97020
 0.75926
 0.92102
 0.19731
 0.99972
 0.60813
 0.61380
 0.58155
 0.91352
 0.60752
 0.70576
 0.78217
 0.25678
 0.68621
 0.58157
 0.60675
 0.90823
 0.90345
 0.59347
 0.95601
 0.95873
 0.88397
 0.98919
 0.98510
 0.93269
 0.19033
 0.88751
 0.93296
 0.32788
 0.82291
 0.55573
 0.96058
 0.35923
 0.45240
 0.32515
 0.60207
 0.39714
 0.99179
 0.63551
 0.91239
 0.80709
 0.95152
 0.12973
 0.41994
 0.58858
 0.77240
 0.96833
 0.76063
 0.83237
 0.30383
 0.59502
 0.92824
 0.76140
 0.86513
 0.51443
 0.33630
 0.69675
 0.50995
 0.85787
 0.97065
 0.50502
 0.76421
 0.48601
 0.79182
 0.75903
 0.65525
 0.85392
 0.61507
 0.97812
 0.68957
 0.60887
 0.49772
 0.91622
 0.65004
 0.63722
 0.40865
 0.99479
 0.95872
 0.90794
 0.92627
 0.37374
 0.11888
 0.62012
 0.89792
 0.58430
 0.92684
 0.98379
 0.89823
 0.77723
 0.84564
 0.76160
 0.90031
 0.95567
 0.65011
 0.84713
 0.82511
 0.90278
 0.52267
 0.87712
 0.60280
 0.52032
 0.44401
 0.81786
 0.21782
 0.29081
 0.73072
 0.36737
 0.88258
 0.92354
 0.79208
 0.87620
 0.09187
 0.94566
 0.63074
 0.90133
 0.37792
 0.66133
 0.81029
 0.52361
 0.75060
 0.94910
 0.72340
 0.82353
 0.24064
 0.47109
 0.82689
 0.92802
 0.70990
 0.38973
 0.72815
 0.54206
 0.86351
 0.82765
 0.90232
 0.49520
 0.34803
 0.47388
 0.21160
 0.97473
 0.65702
 0.83896
 0.80106
 0.33930
 0.38506
 0.56793
 0.66837
 0.57322
 0.65553
 0.42672
 0.42007
 0.76630
 0.26083
 0.99569
 0.37159
 0.46283
 0.18307
 0.94645
 0.44279
 0.95541
 0.50529
 0.70631
 0.17999
 0.97554
 0.82933
 0.85860
 0.61148
 0.97378
 0.62621
 0.74780
 0.32193
 0.64633
 0.35879
 0.86717
 0.91341
 0.26293
 0.72457
 0.99208
 0.71853
 0.77491
 0.50485
 0.51576
 0.72435
 0.64309
 0.86949
 0.80696
 0.98538
 0.89021
 0.42002
 0.73089
 0.66821
 0.22782
 0.59677
 0.08353
 0.89303
 0.39775
 0.98135
 0.71084
 0.92305
 0.52044
 0.36926
 0.94695
 0.40658
 0.54761
 0.93615
 0.48586
 0.90988
 0.77824
 0.50378
 0.99743
 0.27573
 0.73187
 0.58903
 0.99819
 0.87186
 0.61954
 0.35057
 0.81146
 0.78599
 0.52283
 0.57173
 0.24737
 0.90249
 0.75793
 0.88165
 0.67878
 0.38484
 0.32578
 0.34376
 0.91540
 0.66758
 0.91847
 0.58867
 0.26618
 0.33838
 0.59291
 0.73826
 0.53407
 0.64551
 0.97553
 0.45410
 0.78993
 0.37665
 0.72875
 0.69626
 0.35913
 0.82855
 0.98235
 0.92512
 0.66134
 0.97058
 0.42809
 0.85865
 0.91425
 0.30180
 0.92866
 0.75849
 0.83201
 0.79302
 0.58249
 0.75250
 0.61442
 0.59247
 0.64518
 0.69502
 0.65389
 0.56220
 0.70174
 0.99029
 0.62444
 0.69413
 0.71634
 0.50205
 0.81823
 0.81509
 0.98554
 0.96127
 0.74386
 0.37050
 0.82761
 0.48926
 0.68004
 0.89097
 0.31924
 0.93332
 0.91014
 0.36378
 0.54339
 0.89061
 0.46942
 0.97817
 0.58755
 0.85723
 0.81969
 0.59932
 0.39088
 0.36524
 0.57630
 0.45264
 0.71542
 0.88860
 0.84079
 0.79984
 0.96489
 0.53042
 0.80237
 0.92444
 0.13006
 0.86933
 0.87823
 0.29439
 0.68150
 0.37555
 0.54500
 0.94758
 0.19754
 0.48920
 0.95975
 0.28411
 0.34841
 0.87884
 0.70533
 0.72646
 0.28802
 0.79038
 0.46432
 0.91402
 0.42665
 0.76644
 0.83548
 0.54757
 0.75103
 0.34548
 0.96218
 0.80387
 0.54237
 0.98939
 0.37562
 0.54054
 0.77301
 0.66297
 0.69734
 0.52304
 0.76996
 0.36677
 0.81960
 0.83862
 0.61143
 0.88003
 0.51911
 0.56897
 0.38519
 0.14646
 0.74309
 0.65232
 0.82329
 0.39868
 0.63857
 0.16508
 0.50802
 0.93164
 0.54271
 0.32766
 0.61928
 0.78463
 0.23056
 0.61932
 0.83364
 0.87766
 0.84716
 0.75365
 0.41814
 0.94173
 0.99202
 0.84468
 0.81216
 0.81422
 0.88175
 0.31481
 0.95273
 0.60225
 0.99981
 0.78496
 0.89098
 0.55367
 0.89025
 0.56390
 0.38654
 0.29923
 0.84237
 0.78439
 0.89332
 0.53065
 0.50181
 0.33160
 0.96474
 0.56017
 0.35974
 0.48014
 0.67955
 0.59413
 0.73615
 0.25768
 0.48146
 0.72662
 0.41245
 0.95588
 0.60692
 0.99429
 0.74721
 0.40342
 0.34387
 0.97609
 0.94323
 0.80279
 0.12570
 0.46913
 0.53100
 0.91739
 0.99537
 0.54977
 0.60930
 0.54780
 0.84337
 0.88287
 0.77690
 0.99009
 0.80786
 0.40019
 0.52178
 0.78892
 0.46679
 0.37045
 0.98734
 0.92358
 0.10960
 0.21900
 0.61822
 0.67579
 0.98285
 0.63840
 0.70069
 0.95504
 0.32997
 0.96451
 0.28225
 0.96731
 0.90313
 0.75872
 0.84402
 0.73082
 0.60325
 0.96031
 0.73263
 0.14516
 0.83092
 0.67996
 0.69666
 0.96584
 0.79415
 0.82771
 0.33164
 0.98305
 0.62167
 0.84111
 0.57882
 0.30246
 0.51936
 0.41707
 0.77345
 0.99697
 0.92217
 0.99434
 0.35547
 0.30121
 0.77932
 0.78269
 0.89194
 0.88742
 0.83757
 0.66333
 0.83938
 0.95440
 0.57013
 0.44767
 0.50195
 0.82669
 0.15032
 0.87533
 0.82257
 0.58718
 0.23013
 0.32397
 0.90547
 0.46198
 0.47776
 0.57662
 0.83807
 0.74264
 0.70257
 0.55176
 0.94792
 0.94883
 0.53764
 0.75713
 0.96078
 0.87967
 0.87219
 0.70901
 0.59487
 0.69816
 0.63651
 0.99963
 0.46463
 0.98199
 0.89842
 0.88622
 0.59724
 0.53116
 0.97896
 0.24795
 0.34000
 0.58351
 0.85861
 0.89150
 0.51003
 0.38414
 0.94974
 0.80658
 0.88807
 0.15491
 0.28043
 0.40899
 0.72943
 0.97999
 0.46297
 0.73471
 0.89635
 0.71983
 0.79417
 0.92063
 0.40591
 0.29638
 0.61075
 0.95724
 0.30383
 0.83208
 0.45769
 0.90117
 0.96275
 0.34654
 0.73800
 0.53783
 0.94680
 0.97576
 0.70344
 0.85932
 0.27631
 0.74539
 0.94136
 0.09595
 0.89665
 0.96240
 0.11720
 0.91805
 0.94081
 0.98964
 0.84392
 0.89083
 0.90590
 0.69838
 0.62337
 0.97500
 0.24721
 0.96781
 0.58538
 0.23365
 0.78595
 0.34797
 0.30171
 0.85088
 0.63716
 0.26266
 0.62960
 0.86925
 0.37356
 0.78448
 0.67415
 0.25311
 0.71657
 0.19075
 0.69354
 0.87045
 0.71175
 0.89974
 0.89834
 0.97363
 0.81036
 0.84721
 0.61579
 0.21769
 0.43314
 0.83520
 0.53704
 0.08372
 0.99276
 0.61474
 0.83129
 0.65937
 0.75057
 0.41687
 0.97482
 0.79517
 0.57815
 0.35371
 0.51815
 0.25916
 0.99584
 0.80555
 0.97088
 0.89577
 0.47690
 0.55626
 0.79347
 0.25915
 0.77137
 0.93540
 0.57821
 0.89214
 0.92546
 0.83290
 0.91318
 0.87765
 0.74107
 0.89070
 0.82169
 0.53724
 0.83417
 0.26069
 0.89861
 0.99067
 0.98466
 0.49546
 0.80056
 0.62120
 0.83949
 0.79871
 0.75042
 0.57929
 0.43986
 0.42858
 0.56720
 0.91732
 0.96677
 0.73661
 0.81701
 0.69680
 0.45077
 0.99145
 0.94580
 0.88042
 0.80966
 0.72539
 0.87640
 0.36500
 0.97352
 0.68538
 0.69089
 0.94025
 0.31241
 0.82026
 0.70653
 0.97350
 0.88326
 0.81917
 0.88380
 0.20245
 0.86784
 0.81875
 0.68323
 0.90180
 0.54883
 0.77008
 0.72612
 0.87591
 0.45261
 0.76186
 0.30390
 0.91506
 0.93518
 0.73924
 0.41797
 0.81619
 0.99764
 0.72921
 0.46596
 0.94483
 0.57783
 0.58974
 0.58454
 0.80593
 0.44400
 0.49717
 0.28177
 0.67103
 0.29871
 0.48651
 0.69002
 0.69589
 0.62655
 0.67971
 0.84826
 0.53146
 0.43702
 0.20940
 0.82123
 0.68359
 0.46982
 0.27122
 0.62589
 0.69864
 0.89485
 0.60131
 0.48025
 0.31722
 0.78911
 0.82908
 0.75603
 0.44728
 0.17591
 0.82062
 0.26340
 0.39331
 0.79116
 0.73906
 0.91790
 0.77844
 0.66823
 0.27336
 0.57842
 0.92718
 0.80102
 0.61994
 0.72980
 0.99540
 0.99436
 0.88044
 0.76645
 0.71614
 0.23719
 0.71686
 0.64487
 0.43020
 0.46654
 0.67973
 0.73659
 0.75809
 0.87454
 0.53380
 0.68090
 0.35074
 0.44857
 0.32684
 0.80520
 0.76434
 0.31329
 0.85034
 0.75756
 0.86323
 0.38493
